  0.00000000E+00 -0.35818201E+01
  0.10020027E-01 -0.35834055E+01
  0.20040054E-01 -0.35881421E+01
  0.30060081E-01 -0.35959728E+01
  0.40080108E-01 -0.36068046E+01
  0.50100135E-01 -0.36205138E+01
  0.60120162E-01 -0.36369504E+01
  0.70140189E-01 -0.36559439E+01
  0.80160216E-01 -0.36773096E+01
  0.90180243E-01 -0.37008539E+01
  0.10020027E+00 -0.37263798E+01
  0.11022030E+00 -0.37536910E+01
  0.12024032E+00 -0.37825962E+01
  0.13026035E+00 -0.38129111E+01
  0.14028038E+00 -0.38444614E+01
  0.15030041E+00 -0.38770835E+01
  0.16032043E+00 -0.39106260E+01
  0.17034046E+00 -0.39449494E+01
  0.18036049E+00 -0.39799266E+01
  0.19038051E+00 -0.40154427E+01
  0.20040054E+00 -0.40513939E+01
  0.21042057E+00 -0.40876876E+01
  0.22044059E+00 -0.41242412E+01
  0.23046062E+00 -0.41609819E+01
  0.24048065E+00 -0.41978451E+01
  0.25050068E+00 -0.42347745E+01
  0.26052070E+00 -0.42717208E+01
  0.27054073E+00 -0.43086411E+01
  0.28056076E+00 -0.43454983E+01
  0.29058078E+00 -0.43822604E+01
  0.30060081E+00 -0.44188997E+01
  0.31062084E+00 -0.44553924E+01
  0.32064086E+00 -0.44917183E+01
  0.33066089E+00 -0.45278596E+01
  0.34068092E+00 -0.45638011E+01
  0.35070095E+00 -0.45995295E+01
  0.36072097E+00 -0.46350329E+01
  0.37074100E+00 -0.46703009E+01
  0.38076103E+00 -0.47053235E+01
  0.39078105E+00 -0.47400917E+01
  0.40080108E+00 -0.47745964E+01
  0.41082111E+00 -0.48088289E+01
  0.42084114E+00 -0.48427802E+01
  0.43086116E+00 -0.48764411E+01
  0.44088119E+00 -0.49098017E+01
  0.45090122E+00 -0.49428520E+01
  0.46092124E+00 -0.49755809E+01
  0.47094127E+00 -0.50079768E+01
  0.48096130E+00 -0.50400274E+01
  0.49098132E+00 -0.50717195E+01
  0.50100135E+00 -0.51030392E+01
  0.51102138E+00 -0.51339719E+01
  0.52104141E+00 -0.51645022E+01
  0.53106143E+00 -0.51946140E+01
  0.54108146E+00 -0.52242909E+01
  0.55110149E+00 -0.52535158E+01
  0.56112151E+00 -0.52822713E+01
  0.57114154E+00 -0.53105396E+01
  0.58116157E+00 -0.53383031E+01
  0.59118159E+00 -0.53655437E+01
  0.60120162E+00 -0.53922438E+01
  0.61122165E+00 -0.54183858E+01
  0.62124168E+00 -0.54439526E+01
  0.63126170E+00 -0.54689277E+01
  0.64128173E+00 -0.54932948E+01
  0.65130176E+00 -0.55170388E+01
  0.66132178E+00 -0.55401452E+01
  0.67134181E+00 -0.55626006E+01
  0.68136184E+00 -0.55843925E+01
  0.69138186E+00 -0.56055096E+01
  0.70140189E+00 -0.56259418E+01
  0.71142192E+00 -0.56456804E+01
  0.72144195E+00 -0.56647177E+01
  0.73146197E+00 -0.56830476E+01
  0.74148200E+00 -0.57006652E+01
  0.75150203E+00 -0.57175669E+01
  0.76152205E+00 -0.57337506E+01
  0.77154208E+00 -0.57492152E+01
  0.78156211E+00 -0.57639612E+01
  0.79158214E+00 -0.57779899E+01
  0.80160216E+00 -0.57913041E+01
  0.81162219E+00 -0.58039072E+01
  0.82164222E+00 -0.58158039E+01
  0.83166224E+00 -0.58269994E+01
  0.84168227E+00 -0.58374999E+01
  0.85170230E+00 -0.58473119E+01
  0.86172232E+00 -0.58564427E+01
  0.87174235E+00 -0.58648996E+01
  0.88176238E+00 -0.58726902E+01
  0.89178241E+00 -0.58798224E+01
  0.90180243E+00 -0.58863037E+01
  0.91182246E+00 -0.58921416E+01
  0.92184249E+00 -0.58973433E+01
  0.93186251E+00 -0.59019156E+01
  0.94188254E+00 -0.59058647E+01
  0.95190257E+00 -0.59091962E+01
  0.96192259E+00 -0.59119150E+01
  0.97194262E+00 -0.59140252E+01
  0.98196265E+00 -0.59155301E+01
  0.99198268E+00 -0.59164321E+01
  0.10020027E+01 -0.59167326E+01
  0.10120637E+01 -0.59164297E+01
  0.10221247E+01 -0.59155204E+01
  0.10321857E+01 -0.59140036E+01
  0.10422466E+01 -0.59118774E+01
  0.10523076E+01 -0.59091391E+01
  0.10623686E+01 -0.59057852E+01
  0.10724296E+01 -0.59018117E+01
  0.10824906E+01 -0.58972140E+01
  0.10925516E+01 -0.58919868E+01
  0.11026125E+01 -0.58861243E+01
  0.11126735E+01 -0.58796205E+01
  0.11227345E+01 -0.58724690E+01
  0.11327955E+01 -0.58646630E+01
  0.11428565E+01 -0.58561956E+01
  0.11529174E+01 -0.58470600E+01
  0.11629784E+01 -0.58372492E+01
  0.11730394E+01 -0.58267564E+01
  0.11831004E+01 -0.58155749E+01
  0.11931614E+01 -0.58036984E+01
  0.12032224E+01 -0.57911207E+01
  0.12132833E+01 -0.57778362E+01
  0.12233443E+01 -0.57638398E+01
  0.12334053E+01 -0.57491268E+01
  0.12434663E+01 -0.57336933E+01
  0.12535273E+01 -0.57175358E+01
  0.12635883E+01 -0.57006517E+01
  0.12736492E+01 -0.56830390E+01
  0.12837102E+01 -0.56646965E+01
  0.12937712E+01 -0.56456237E+01
  0.13038322E+01 -0.56258211E+01
  0.13138932E+01 -0.56052899E+01
  0.13239542E+01 -0.55840318E+01
  0.13340151E+01 -0.55620499E+01
  0.13440761E+01 -0.55393474E+01
  0.13541371E+01 -0.55159289E+01
  0.13641981E+01 -0.54917993E+01
  0.13742591E+01 -0.54669644E+01
  0.13843201E+01 -0.54414307E+01
  0.13943810E+01 -0.54152053E+01
  0.14044420E+01 -0.53882959E+01
  0.14145030E+01 -0.53607110E+01
  0.14245640E+01 -0.53324593E+01
  0.14346250E+01 -0.53035502E+01
  0.14446860E+01 -0.52739935E+01
  0.14547469E+01 -0.52437994E+01
  0.14648079E+01 -0.52129784E+01
  0.14748689E+01 -0.51815414E+01
  0.14849299E+01 -0.51494993E+01
  0.14949909E+01 -0.51168633E+01
  0.15050519E+01 -0.50836448E+01
  0.15151128E+01 -0.50498551E+01
  0.15251738E+01 -0.50155056E+01
  0.15352348E+01 -0.49806073E+01
  0.15452958E+01 -0.49451715E+01
  0.15553568E+01 -0.49092089E+01
  0.15654178E+01 -0.48727300E+01
  0.15754787E+01 -0.48357451E+01
  0.15855397E+01 -0.47982639E+01
  0.15956007E+01 -0.47602955E+01
  0.16056617E+01 -0.47218485E+01
  0.16157227E+01 -0.46829310E+01
  0.16257837E+01 -0.46435500E+01
  0.16358446E+01 -0.46037121E+01
  0.16459056E+01 -0.45634227E+01
  0.16559666E+01 -0.45226866E+01
  0.16660276E+01 -0.44815073E+01
  0.16760886E+01 -0.44398875E+01
  0.16861496E+01 -0.43978287E+01
  0.16962105E+01 -0.43553312E+01
  0.17062715E+01 -0.43123945E+01
  0.17163325E+01 -0.42690165E+01
  0.17263935E+01 -0.42251942E+01
  0.17364545E+01 -0.41809233E+01
  0.17465155E+01 -0.41361983E+01
  0.17565764E+01 -0.40910125E+01
  0.17666374E+01 -0.40453582E+01
  0.17766984E+01 -0.39992265E+01
  0.17867594E+01 -0.39526073E+01
  0.17968204E+01 -0.39054897E+01
  0.18068814E+01 -0.38578618E+01
  0.18169423E+01 -0.38097108E+01
  0.18270033E+01 -0.37610232E+01
  0.18370643E+01 -0.37117848E+01
  0.18471253E+01 -0.36619809E+01
  0.18571863E+01 -0.36115964E+01
  0.18672473E+01 -0.35606156E+01
  0.18773082E+01 -0.35090231E+01
  0.18873692E+01 -0.34568032E+01
  0.18974302E+01 -0.34039402E+01
  0.19074912E+01 -0.33504190E+01
  0.19175522E+01 -0.32962246E+01
  0.19276132E+01 -0.32413428E+01
  0.19376741E+01 -0.31857601E+01
  0.19477351E+01 -0.31294637E+01
  0.19577961E+01 -0.30724421E+01
  0.19678571E+01 -0.30146848E+01
  0.19779181E+01 -0.29561829E+01
  0.19879790E+01 -0.28969286E+01
  0.19980400E+01 -0.28369161E+01
  0.20081010E+01 -0.27761411E+01
  0.20181620E+01 -0.27146013E+01
  0.20282230E+01 -0.26522964E+01
  0.20382840E+01 -0.25892282E+01
  0.20483449E+01 -0.25254005E+01
  0.20584059E+01 -0.24608198E+01
  0.20684669E+01 -0.23954943E+01
  0.20785279E+01 -0.23294353E+01
  0.20885889E+01 -0.22626559E+01
  0.20986499E+01 -0.21951720E+01
  0.21087108E+01 -0.21270018E+01
  0.21187718E+01 -0.20581661E+01
  0.21288328E+01 -0.19886879E+01
  0.21388938E+01 -0.19185927E+01
  0.21489548E+01 -0.18479082E+01
  0.21590158E+01 -0.17766643E+01
  0.21690674E+01 -0.17991370E+01
  0.21791190E+01 -0.18213509E+01
  0.21891707E+01 -0.18432799E+01
  0.21992223E+01 -0.18648993E+01
  0.22092740E+01 -0.18861855E+01
  0.22193256E+01 -0.19071160E+01
  0.22293772E+01 -0.19276699E+01
  0.22394289E+01 -0.19478277E+01
  0.22494805E+01 -0.19675716E+01
  0.22595322E+01 -0.19868854E+01
  0.22695838E+01 -0.20057548E+01
  0.22796354E+01 -0.20241673E+01
  0.22896871E+01 -0.20421120E+01
  0.22997387E+01 -0.20595802E+01
  0.23097903E+01 -0.20765649E+01
  0.23198420E+01 -0.20930607E+01
  0.23298936E+01 -0.21090644E+01
  0.23399453E+01 -0.21245741E+01
  0.23499969E+01 -0.21395898E+01
  0.23600485E+01 -0.21541131E+01
  0.23701002E+01 -0.21681468E+01
  0.23801518E+01 -0.21816952E+01
  0.23902035E+01 -0.21947638E+01
  0.24002551E+01 -0.22073591E+01
  0.24103067E+01 -0.22194887E+01
  0.24203584E+01 -0.22311609E+01
  0.24304100E+01 -0.22423846E+01
  0.24404617E+01 -0.22531693E+01
  0.24505133E+01 -0.22635248E+01
  0.24605649E+01 -0.22734610E+01
  0.24706166E+01 -0.22829882E+01
  0.24806682E+01 -0.22921163E+01
  0.24907198E+01 -0.23008552E+01
  0.25007715E+01 -0.23092142E+01
  0.25108231E+01 -0.23172026E+01
  0.25208748E+01 -0.23248289E+01
  0.25309264E+01 -0.23321009E+01
  0.25409780E+01 -0.23390259E+01
  0.25510297E+01 -0.23456104E+01
  0.25610813E+01 -0.23518600E+01
  0.25711330E+01 -0.23577795E+01
  0.25811846E+01 -0.23633728E+01
  0.25912362E+01 -0.23686429E+01
  0.26012879E+01 -0.23735919E+01
  0.26113395E+01 -0.23782211E+01
  0.26213912E+01 -0.23825310E+01
  0.26314428E+01 -0.23865210E+01
  0.26414944E+01 -0.23901901E+01
  0.26515461E+01 -0.23935362E+01
  0.26615977E+01 -0.23965570E+01
  0.26716493E+01 -0.23992492E+01
  0.26817010E+01 -0.24016094E+01
  0.26917526E+01 -0.24036334E+01
  0.27018043E+01 -0.24053172E+01
  0.27118559E+01 -0.24066560E+01
  0.27219075E+01 -0.24076453E+01
  0.27319592E+01 -0.24082804E+01
  0.27420108E+01 -0.24085566E+01
  0.27520625E+01 -0.24084694E+01
  0.27621141E+01 -0.24080146E+01
  0.27721657E+01 -0.24071881E+01
  0.27822174E+01 -0.24059864E+01
  0.27922690E+01 -0.24044061E+01
  0.28023207E+01 -0.24024445E+01
  0.28123723E+01 -0.24000993E+01
  0.28224239E+01 -0.23973689E+01
  0.28324756E+01 -0.23942520E+01
  0.28425272E+01 -0.23907480E+01
  0.28525788E+01 -0.23868567E+01
  0.28626305E+01 -0.23825787E+01
  0.28726821E+01 -0.23779150E+01
  0.28827338E+01 -0.23728668E+01
  0.28927854E+01 -0.23674361E+01
  0.29028370E+01 -0.23616251E+01
  0.29128887E+01 -0.23554363E+01
  0.29229403E+01 -0.23488724E+01
  0.29329920E+01 -0.23419364E+01
  0.29430436E+01 -0.23346313E+01
  0.29530952E+01 -0.23269602E+01
  0.29631469E+01 -0.23189259E+01
  0.29731985E+01 -0.23105315E+01
  0.29832502E+01 -0.23017795E+01
  0.29933018E+01 -0.22926722E+01
  0.30033534E+01 -0.22832116E+01
  0.30134051E+01 -0.22733994E+01
  0.30234567E+01 -0.22632366E+01
  0.30335083E+01 -0.22527239E+01
  0.30435600E+01 -0.22418614E+01
  0.30536116E+01 -0.22306484E+01
  0.30636633E+01 -0.22190839E+01
  0.30737149E+01 -0.22071661E+01
  0.30837739E+01 -0.22346887E+01
  0.30938329E+01 -0.22631140E+01
  0.31038919E+01 -0.22924239E+01
  0.31139509E+01 -0.23225996E+01
  0.31240099E+01 -0.23536221E+01
  0.31340689E+01 -0.23854724E+01
  0.31441279E+01 -0.24181317E+01
  0.31541869E+01 -0.24515818E+01
  0.31642459E+01 -0.24858052E+01
  0.31743049E+01 -0.25207846E+01
  0.31843639E+01 -0.25565039E+01
  0.31944229E+01 -0.25929473E+01
  0.32044819E+01 -0.26300994E+01
  0.32145409E+01 -0.26679453E+01
  0.32245999E+01 -0.27064700E+01
  0.32346589E+01 -0.27456586E+01
  0.32447179E+01 -0.27854956E+01
  0.32547769E+01 -0.28259650E+01
  0.32648359E+01 -0.28670498E+01
  0.32748948E+01 -0.29087320E+01
  0.32849538E+01 -0.29509920E+01
  0.32950128E+01 -0.29938088E+01
  0.33050718E+01 -0.30371594E+01
  0.33151308E+01 -0.30810189E+01
  0.33251898E+01 -0.31253605E+01
  0.33352488E+01 -0.31701552E+01
  0.33453078E+01 -0.32153715E+01
  0.33553668E+01 -0.32609763E+01
  0.33654258E+01 -0.33069339E+01
  0.33754848E+01 -0.33532069E+01
  0.33855438E+01 -0.33997559E+01
  0.33956028E+01 -0.34465400E+01
  0.34056618E+01 -0.34935167E+01
  0.34157208E+01 -0.35406423E+01
  0.34257798E+01 -0.35878723E+01
  0.34358388E+01 -0.36351615E+01
  0.34458978E+01 -0.36824644E+01
  0.34559568E+01 -0.37297355E+01
  0.34660158E+01 -0.37769298E+01
  0.34760748E+01 -0.38240028E+01
  0.34861338E+01 -0.38709111E+01
  0.34961928E+01 -0.39176125E+01
  0.35062518E+01 -0.39640666E+01
  0.35163108E+01 -0.40102345E+01
  0.35263698E+01 -0.40560799E+01
  0.35364288E+01 -0.41015683E+01
  0.35464878E+01 -0.41466680E+01
  0.35565468E+01 -0.41913497E+01
  0.35666058E+01 -0.42355869E+01
  0.35766648E+01 -0.42793560E+01
  0.35867238E+01 -0.43226360E+01
  0.35967828E+01 -0.43654087E+01
  0.36068418E+01 -0.44076588E+01
  0.36169008E+01 -0.44493734E+01
  0.36269598E+01 -0.44905424E+01
  0.36370188E+01 -0.45311580E+01
  0.36470777E+01 -0.45712145E+01
  0.36571367E+01 -0.46107083E+01
  0.36671957E+01 -0.46496378E+01
  0.36772547E+01 -0.46880029E+01
  0.36873137E+01 -0.47258046E+01
  0.36973727E+01 -0.47630455E+01
  0.37074317E+01 -0.47997288E+01
  0.37174907E+01 -0.48358583E+01
  0.37275497E+01 -0.48714384E+01
  0.37376087E+01 -0.49064737E+01
  0.37476677E+01 -0.49409685E+01
  0.37577267E+01 -0.49749271E+01
  0.37677857E+01 -0.50083533E+01
  0.37778447E+01 -0.50412503E+01
  0.37879037E+01 -0.50736207E+01
  0.37979627E+01 -0.51054661E+01
  0.38080217E+01 -0.51367871E+01
  0.38180807E+01 -0.51675835E+01
  0.38281397E+01 -0.51978538E+01
  0.38381987E+01 -0.52275956E+01
  0.38482577E+01 -0.52568052E+01
  0.38583167E+01 -0.52854779E+01
  0.38683757E+01 -0.53136081E+01
  0.38784347E+01 -0.53411889E+01
  0.38884937E+01 -0.53682129E+01
  0.38985527E+01 -0.53946716E+01
  0.39086117E+01 -0.54205559E+01
  0.39186707E+01 -0.54458562E+01
  0.39287297E+01 -0.54705625E+01
  0.39387887E+01 -0.54946644E+01
  0.39488477E+01 -0.55181514E+01
  0.39589067E+01 -0.55410131E+01
  0.39689657E+01 -0.55632392E+01
  0.39790247E+01 -0.55848197E+01
  0.39890837E+01 -0.56057450E+01
  0.39991427E+01 -0.56260063E+01
  0.40092017E+01 -0.56455951E+01
  0.40192606E+01 -0.56645042E+01
  0.40293196E+01 -0.56827268E+01
  0.40393786E+01 -0.57002573E+01
  0.40494376E+01 -0.57170913E+01
  0.40594966E+01 -0.57332251E+01
  0.40695556E+01 -0.57486564E+01
  0.40796146E+01 -0.57633840E+01
  0.40896736E+01 -0.57774076E+01
  0.40997326E+01 -0.57907280E+01
  0.41097916E+01 -0.58033473E+01
  0.41198506E+01 -0.58152683E+01
  0.41299096E+01 -0.58264947E+01
  0.41399686E+01 -0.58370311E+01
  0.41500276E+01 -0.58468827E+01
  0.41600866E+01 -0.58560554E+01
  0.41701456E+01 -0.58645553E+01
  0.41802046E+01 -0.58723892E+01
  0.41902636E+01 -0.58795637E+01
  0.42003226E+01 -0.58860858E+01
  0.42103816E+01 -0.58919623E+01
  0.42204406E+01 -0.58971997E+01
  0.42304996E+01 -0.59018044E+01
  0.42405586E+01 -0.59057823E+01
  0.42506176E+01 -0.59091385E+01
  0.42606766E+01 -0.59118779E+01
  0.42707356E+01 -0.59140042E+01
  0.42807946E+01 -0.59155208E+01
  0.42908536E+01 -0.59164298E+01
  0.43009126E+01 -0.59167326E+01
  
  0.00000000E+00 -0.94889962E+00
  0.10020027E-01 -0.94658514E+00
  0.20040054E-01 -0.93966298E+00
  0.30060081E-01 -0.92819606E+00
  0.40080108E-01 -0.91228623E+00
  0.50100135E-01 -0.89207013E+00
  0.60120162E-01 -0.86771392E+00
  0.70140189E-01 -0.83940734E+00
  0.80160216E-01 -0.80735760E+00
  0.90180243E-01 -0.77178346E+00
  0.10020027E+00 -0.73290974E+00
  0.11022030E+00 -0.69096260E+00
  0.12024032E+00 -0.64616548E+00
  0.13026035E+00 -0.59873591E+00
  0.14028038E+00 -0.54888302E+00
  0.15030041E+00 -0.49680573E+00
  0.16032043E+00 -0.44269149E+00
  0.17034046E+00 -0.38671549E+00
  0.18036049E+00 -0.32904018E+00
  0.19038051E+00 -0.26981519E+00
  0.20040054E+00 -0.20917730E+00
  0.21042057E+00 -0.14725062E+00
  0.22044059E+00 -0.84146929E-01
  0.23046062E+00 -0.19965950E-01
  0.24048065E+00  0.45204233E-01
  0.25050068E+00  0.11128679E+00
  0.26052070E+00  0.17821572E+00
  0.27054073E+00  0.24593546E+00
  0.28056076E+00  0.31440044E+00
  0.29058078E+00  0.38357467E+00
  0.30060081E+00  0.45343132E+00
  0.31062084E+00  0.52395228E+00
  0.32064086E+00  0.59512770E+00
  0.33066089E+00  0.66695556E+00
  0.34068092E+00  0.73944115E+00
  0.35070095E+00  0.81259659E+00
  0.36072097E+00  0.88644029E+00
  0.37074100E+00  0.96099640E+00
  0.38076103E+00  0.10362942E+01
  0.39078105E+00  0.11123675E+01
  0.40080108E+00  0.11892539E+01
  0.41082111E+00  0.12669944E+01
  0.42084114E+00  0.13456321E+01
  0.43086116E+00  0.14252121E+01
  0.44088119E+00  0.15057803E+01
  0.45090122E+00  0.15873827E+01
  0.46092124E+00  0.16700646E+01
  0.47094127E+00  0.17538698E+01
  0.48096130E+00  0.18388395E+01
  0.49098132E+00  0.19250118E+01
  0.50100135E+00  0.20124206E+01
  0.51102138E+00  0.21010945E+01
  0.52104141E+00  0.21910567E+01
  0.53106143E+00  0.22823231E+01
  0.54108146E+00  0.23749025E+01
  0.55110149E+00  0.24687952E+01
  0.56112151E+00  0.25639922E+01
  0.57114154E+00  0.26604750E+01
  0.58116157E+00  0.27582146E+01
  0.59118159E+00  0.28571708E+01
  0.60120162E+00  0.29572920E+01
  0.61122165E+00  0.30585144E+01
  0.62124168E+00  0.31607621E+01
  0.63126170E+00  0.32639463E+01
  0.64128173E+00  0.33679653E+01
  0.65130176E+00  0.34727046E+01
  0.66132178E+00  0.35780366E+01
  0.67134181E+00  0.36838209E+01
  0.68136184E+00  0.37899044E+01
  0.69138186E+00  0.38961215E+01
  0.70140189E+00  0.40022949E+01
  0.71142192E+00  0.41082356E+01
  0.72144195E+00  0.42137440E+01
  0.73146197E+00  0.43186102E+01
  0.74148200E+00  0.44226153E+01
  0.75150203E+00  0.45255317E+01
  0.76152205E+00  0.46271248E+01
  0.77154208E+00  0.47271536E+01
  0.78156211E+00  0.48253721E+01
  0.79158214E+00  0.49215302E+01
  0.80160216E+00  0.50153756E+01
  0.81162219E+00  0.51066547E+01
  0.82164222E+00  0.51951139E+01
  0.83166224E+00  0.52805016E+01
  0.84168227E+00  0.53625689E+01
  0.85170230E+00  0.54410716E+01
  0.86172232E+00  0.55157715E+01
  0.87174235E+00  0.55864376E+01
  0.88176238E+00  0.56528480E+01
  0.89178241E+00  0.57147907E+01
  0.90180243E+00  0.57720655E+01
  0.91182246E+00  0.58244848E+01
  0.92184249E+00  0.58718748E+01
  0.93186251E+00  0.59140772E+01
  0.94188254E+00  0.59509495E+01
  0.95190257E+00  0.59823664E+01
  0.96192259E+00  0.60082203E+01
  0.97194262E+00  0.60284223E+01
  0.98196265E+00  0.60429025E+01
  0.99198268E+00  0.60516108E+01
  0.10020027E+01  0.60545168E+01
  0.10120637E+01  0.60527385E+01
  0.10221247E+01  0.60474072E+01
  0.10321857E+01  0.60385342E+01
  0.10422466E+01  0.60261384E+01
  0.10523076E+01  0.60102458E+01
  0.10623686E+01  0.59908900E+01
  0.10724296E+01  0.59681113E+01
  0.10824906E+01  0.59419573E+01
  0.10925516E+01  0.59124818E+01
  0.11026125E+01  0.58797455E+01
  0.11126735E+01  0.58438148E+01
  0.11227345E+01  0.58047622E+01
  0.11327955E+01  0.57626656E+01
  0.11428565E+01  0.57176080E+01
  0.11529174E+01  0.56696774E+01
  0.11629784E+01  0.56189660E+01
  0.11730394E+01  0.55655701E+01
  0.11831004E+01  0.55095898E+01
  0.11931614E+01  0.54511283E+01
  0.12032224E+01  0.53902921E+01
  0.12132833E+01  0.53271897E+01
  0.12233443E+01  0.52619320E+01
  0.12334053E+01  0.51946318E+01
  0.12434663E+01  0.51254030E+01
  0.12535273E+01  0.50543608E+01
  0.12635883E+01  0.49816209E+01
  0.12736492E+01  0.49072994E+01
  0.12837102E+01  0.48315125E+01
  0.12937712E+01  0.47543759E+01
  0.13038322E+01  0.46760048E+01
  0.13138932E+01  0.45965134E+01
  0.13239542E+01  0.45160145E+01
  0.13340151E+01  0.44346196E+01
  0.13440761E+01  0.43524382E+01
  0.13541371E+01  0.42695777E+01
  0.13641981E+01  0.41861432E+01
  0.13742591E+01  0.41022370E+01
  0.13843201E+01  0.40179585E+01
  0.13943810E+01  0.39334041E+01
  0.14044420E+01  0.38486664E+01
  0.14145030E+01  0.37638348E+01
  0.14245640E+01  0.36789942E+01
  0.14346250E+01  0.35942259E+01
  0.14446860E+01  0.35096065E+01
  0.14547469E+01  0.34252080E+01
  0.14648079E+01  0.33410978E+01
  0.14748689E+01  0.32573382E+01
  0.14849299E+01  0.31739863E+01
  0.14949909E+01  0.30910940E+01
  0.15050519E+01  0.30087078E+01
  0.15151128E+01  0.29268684E+01
  0.15251738E+01  0.28456112E+01
  0.15352348E+01  0.27649657E+01
  0.15452958E+01  0.26849556E+01
  0.15553568E+01  0.26055990E+01
  0.15654178E+01  0.25269084E+01
  0.15754787E+01  0.24488904E+01
  0.15855397E+01  0.23715461E+01
  0.15956007E+01  0.22948714E+01
  0.16056617E+01  0.22188567E+01
  0.16157227E+01  0.21434875E+01
  0.16257837E+01  0.20687444E+01
  0.16358446E+01  0.19946036E+01
  0.16459056E+01  0.19210370E+01
  0.16559666E+01  0.18480126E+01
  0.16660276E+01  0.17754948E+01
  0.16760886E+01  0.17034449E+01
  0.16861496E+01  0.16318217E+01
  0.16962105E+01  0.15605813E+01
  0.17062715E+01  0.14896784E+01
  0.17163325E+01  0.14190658E+01
  0.17263935E+01  0.13486959E+01
  0.17364545E+01  0.12785203E+01
  0.17465155E+01  0.12084908E+01
  0.17565764E+01  0.11385595E+01
  0.17666374E+01  0.10686795E+01
  0.17766984E+01  0.99880551E+00
  0.17867594E+01  0.92889365E+00
  0.17968204E+01  0.85890242E+00
  0.18068814E+01  0.78879284E+00
  0.18169423E+01  0.71852882E+00
  0.18270033E+01  0.64807745E+00
  0.18370643E+01  0.57740932E+00
  0.18471253E+01  0.50649869E+00
  0.18571863E+01  0.43532374E+00
  0.18672473E+01  0.36386670E+00
  0.18773082E+01  0.29211396E+00
  0.18873692E+01  0.22005618E+00
  0.18974302E+01  0.14768827E+00
  0.19074912E+01  0.75009457E-01
  0.19175522E+01  0.20231554E-02
  0.19276132E+01 -0.71263046E-01
  0.19376741E+01 -0.14483753E+00
  0.19477351E+01 -0.21868480E+00
  0.19577961E+01 -0.29278564E+00
  0.19678571E+01 -0.36711736E+00
  0.19779181E+01 -0.44165398E+00
  0.19879790E+01 -0.51636652E+00
  0.19980400E+01 -0.59122325E+00
  0.20081010E+01 -0.66618999E+00
  0.20181620E+01 -0.74123039E+00
  0.20282230E+01 -0.81630626E+00
  0.20382840E+01 -0.89137786E+00
  0.20483449E+01 -0.96640422E+00
  0.20584059E+01 -0.10413435E+01
  0.20684669E+01 -0.11161531E+01
  0.20785279E+01 -0.11907903E+01
  0.20885889E+01 -0.12652122E+01
  0.20986499E+01 -0.13393764E+01
  0.21087108E+01 -0.14132408E+01
  0.21187718E+01 -0.14867642E+01
  0.21288328E+01 -0.15599064E+01
  0.21388938E+01 -0.16326285E+01
  0.21489548E+01 -0.17048931E+01
  0.21590158E+01 -0.17766642E+01
  0.21690674E+01 -0.17539592E+01
  0.21791190E+01 -0.17310493E+01
  0.21891707E+01 -0.17079623E+01
  0.21992223E+01 -0.16847266E+01
  0.22092740E+01 -0.16613705E+01
  0.22193256E+01 -0.16379226E+01
  0.22293772E+01 -0.16144113E+01
  0.22394289E+01 -0.15908646E+01
  0.22494805E+01 -0.15673102E+01
  0.22595322E+01 -0.15437753E+01
  0.22695838E+01 -0.15202866E+01
  0.22796354E+01 -0.14968698E+01
  0.22896871E+01 -0.14735500E+01
  0.22997387E+01 -0.14503514E+01
  0.23097903E+01 -0.14272974E+01
  0.23198420E+01 -0.14044105E+01
  0.23298936E+01 -0.13817123E+01
  0.23399453E+01 -0.13592235E+01
  0.23499969E+01 -0.13369642E+01
  0.23600485E+01 -0.13149537E+01
  0.23701002E+01 -0.12932107E+01
  0.23801518E+01 -0.12717535E+01
  0.23902035E+01 -0.12506000E+01
  0.24002551E+01 -0.12297678E+01
  0.24103067E+01 -0.12092746E+01
  0.24203584E+01 -0.11891382E+01
  0.24304100E+01 -0.11693766E+01
  0.24404617E+01 -0.11500082E+01
  0.24505133E+01 -0.11310520E+01
  0.24605649E+01 -0.11125278E+01
  0.24706166E+01 -0.10944562E+01
  0.24806682E+01 -0.10768584E+01
  0.24907198E+01 -0.10597570E+01
  0.25007715E+01 -0.10431751E+01
  0.25108231E+01 -0.10271372E+01
  0.25208748E+01 -0.10116683E+01
  0.25309264E+01 -0.99679417E+00
  0.25409780E+01 -0.98254132E+00
  0.25510297E+01 -0.96893642E+00
  0.25610813E+01 -0.95600619E+00
  0.25711330E+01 -0.94377709E+00
  0.25811846E+01 -0.93227492E+00
  0.25912362E+01 -0.92152441E+00
  0.26012879E+01 -0.91154884E+00
  0.26113395E+01 -0.90236960E+00
  0.26213912E+01 -0.89400576E+00
  0.26314428E+01 -0.88647370E+00
  0.26414944E+01 -0.87978672E+00
  0.26515461E+01 -0.87395474E+00
  0.26615977E+01 -0.86898406E+00
  0.26716493E+01 -0.86487711E+00
  0.26817010E+01 -0.86163244E+00
  0.26917526E+01 -0.85924459E+00
  0.27018043E+01 -0.85770419E+00
  0.27118559E+01 -0.85699812E+00
  0.27219075E+01 -0.85710962E+00
  0.27319592E+01 -0.85801865E+00
  0.27420108E+01 -0.85970216E+00
  0.27520625E+01 -0.86213443E+00
  0.27621141E+01 -0.86528754E+00
  0.27721657E+01 -0.86913168E+00
  0.27822174E+01 -0.87363564E+00
  0.27922690E+01 -0.87876718E+00
  0.28023207E+01 -0.88449346E+00
  0.28123723E+01 -0.89078136E+00
  0.28224239E+01 -0.89759786E+00
  0.28324756E+01 -0.90491036E+00
  0.28425272E+01 -0.91268693E+00
  0.28525788E+01 -0.92089656E+00
  0.28626305E+01 -0.92950935E+00
  0.28726821E+01 -0.93849670E+00
  0.28827338E+01 -0.94783141E+00
  0.28927854E+01 -0.95748779E+00
  0.29028370E+01 -0.96744173E+00
  0.29128887E+01 -0.97767075E+00
  0.29229403E+01 -0.98815398E+00
  0.29329920E+01 -0.99887222E+00
  0.29430436E+01 -0.10098079E+01
  0.29530952E+01 -0.10209449E+01
  0.29631469E+01 -0.10322689E+01
  0.29731985E+01 -0.10437669E+01
  0.29832502E+01 -0.10554274E+01
  0.29933018E+01 -0.10672404E+01
  0.30033534E+01 -0.10791970E+01
  0.30134051E+01 -0.10912898E+01
  0.30234567E+01 -0.11035127E+01
  0.30335083E+01 -0.11158606E+01
  0.30435600E+01 -0.11283297E+01
  0.30536116E+01 -0.11409174E+01
  0.30636633E+01 -0.11536219E+01
  0.30737149E+01 -0.11664428E+01
  0.30837739E+01 -0.11373836E+01
  0.30938329E+01 -0.11078538E+01
  0.31038919E+01 -0.10778635E+01
  0.31139509E+01 -0.10474201E+01
  0.31240099E+01 -0.10165283E+01
  0.31340689E+01 -0.98518950E+00
  0.31441279E+01 -0.95340208E+00
  0.31541869E+01 -0.92116112E+00
  0.31642459E+01 -0.88845841E+00
  0.31743049E+01 -0.85528246E+00
  0.31843639E+01 -0.82161858E+00
  0.31944229E+01 -0.78744899E+00
  0.32044819E+01 -0.75275295E+00
  0.32145409E+01 -0.71750700E+00
  0.32245999E+01 -0.68168523E+00
  0.32346589E+01 -0.64525952E+00
  0.32447179E+01 -0.60819992E+00
  0.32547769E+01 -0.57047502E+00
  0.32648359E+01 -0.53205233E+00
  0.32748948E+01 -0.49289873E+00
  0.32849538E+01 -0.45298090E+00
  0.32950128E+01 -0.41226578E+00
  0.33050718E+01 -0.37072108E+00
  0.33151308E+01 -0.32831569E+00
  0.33251898E+01 -0.28502019E+00
  0.33352488E+01 -0.24080728E+00
  0.33453078E+01 -0.19565220E+00
  0.33553668E+01 -0.14953319E+00
  0.33654258E+01 -0.10243179E+00
  0.33754848E+01 -0.54333233E-01
  0.33855438E+01 -0.52266953E-02
  0.33956028E+01  0.44894439E-01
  0.34056618E+01  0.96032406E-01
  0.34157208E+01  0.14818493E+00
  0.34257798E+01  0.20134515E+00
  0.34358388E+01  0.25550164E+00
  0.34458978E+01  0.31063845E+00
  0.34559568E+01  0.36673524E+00
  0.34660158E+01  0.42376748E+00
  0.34760748E+01  0.48170670E+00
  0.34861338E+01  0.54052082E+00
  0.34961928E+01  0.60017451E+00
  0.35062518E+01  0.66062965E+00
  0.35163108E+01  0.72184578E+00
  0.35263698E+01  0.78378063E+00
  0.35364288E+01  0.84639072E+00
  0.35464878E+01  0.90963190E+00
  0.35565468E+01  0.97346000E+00
  0.35666058E+01  0.10378314E+01
  0.35766648E+01  0.11027038E+01
  0.35867238E+01  0.11680366E+01
  0.35967828E+01  0.12337919E+01
  0.36068418E+01  0.12999345E+01
  0.36169008E+01  0.13664331E+01
  0.36269598E+01  0.14332605E+01
  0.36370188E+01  0.15003938E+01
  0.36470777E+01  0.15678155E+01
  0.36571367E+01  0.16355132E+01
  0.36671957E+01  0.17034799E+01
  0.36772547E+01  0.17717148E+01
  0.36873137E+01  0.18402228E+01
  0.36973727E+01  0.19090144E+01
  0.37074317E+01  0.19781063E+01
  0.37174907E+01  0.20475207E+01
  0.37275497E+01  0.21172850E+01
  0.37376087E+01  0.21874316E+01
  0.37476677E+01  0.22579975E+01
  0.37577267E+01  0.23290236E+01
  0.37677857E+01  0.24005540E+01
  0.37778447E+01  0.24726353E+01
  0.37879037E+01  0.25453160E+01
  0.37979627E+01  0.26186453E+01
  0.38080217E+01  0.26926724E+01
  0.38180807E+01  0.27674451E+01
  0.38281397E+01  0.28430095E+01
  0.38381987E+01  0.29194082E+01
  0.38482577E+01  0.29966796E+01
  0.38583167E+01  0.30748565E+01
  0.38683757E+01  0.31539655E+01
  0.38784347E+01  0.32340255E+01
  0.38884937E+01  0.33150468E+01
  0.38985527E+01  0.33970301E+01
  0.39086117E+01  0.34799657E+01
  0.39186707E+01  0.35638324E+01
  0.39287297E+01  0.36485970E+01
  0.39387887E+01  0.37342134E+01
  0.39488477E+01  0.38206220E+01
  0.39589067E+01  0.39077494E+01
  0.39689657E+01  0.39955081E+01
  0.39790247E+01  0.40837962E+01
  0.39890837E+01  0.41724972E+01
  0.39991427E+01  0.42614802E+01
  0.40092017E+01  0.43506003E+01
  0.40192606E+01  0.44396985E+01
  0.40293196E+01  0.45286029E+01
  0.40393786E+01  0.46171285E+01
  0.40494376E+01  0.47050787E+01
  0.40594966E+01  0.47922460E+01
  0.40695556E+01  0.48784129E+01
  0.40796146E+01  0.49633534E+01
  0.40896736E+01  0.50468338E+01
  0.40997326E+01  0.51286148E+01
  0.41097916E+01  0.52084525E+01
  0.41198506E+01  0.52860999E+01
  0.41299096E+01  0.53613091E+01
  0.41399686E+01  0.54338322E+01
  0.41500276E+01  0.55034237E+01
  0.41600866E+01  0.55698420E+01
  0.41701456E+01  0.56328509E+01
  0.41802046E+01  0.56922218E+01
  0.41902636E+01  0.57477350E+01
  0.42003226E+01  0.57991814E+01
  0.42103816E+01  0.58463643E+01
  0.42204406E+01  0.58891008E+01
  0.42304996E+01  0.59272230E+01
  0.42405586E+01  0.59605797E+01
  0.42506176E+01  0.59890372E+01
  0.42606766E+01  0.60124806E+01
  0.42707356E+01  0.60308147E+01
  0.42807946E+01  0.60439645E+01
  0.42908536E+01  0.60518761E+01
  0.43009126E+01  0.60545168E+01
  
  0.00000000E+00  0.48504349E+01
  0.10020027E-01  0.48506005E+01
  0.20040054E-01  0.48510978E+01
  0.30060081E-01  0.48519275E+01
  0.40080108E-01  0.48530912E+01
  0.50100135E-01  0.48545910E+01
  0.60120162E-01  0.48564294E+01
  0.70140189E-01  0.48586095E+01
  0.80160216E-01  0.48611348E+01
  0.90180243E-01  0.48640089E+01
  0.10020027E+00  0.48672360E+01
  0.11022030E+00  0.48708203E+01
  0.12024032E+00  0.48747659E+01
  0.13026035E+00  0.48790772E+01
  0.14028038E+00  0.48837583E+01
  0.15030041E+00  0.48888133E+01
  0.16032043E+00  0.48942456E+01
  0.17034046E+00  0.49000587E+01
  0.18036049E+00  0.49062554E+01
  0.19038051E+00  0.49128380E+01
  0.20040054E+00  0.49198083E+01
  0.21042057E+00  0.49271674E+01
  0.22044059E+00  0.49349155E+01
  0.23046062E+00  0.49430526E+01
  0.24048065E+00  0.49515774E+01
  0.25050068E+00  0.49604881E+01
  0.26052070E+00  0.49697823E+01
  0.27054073E+00  0.49794566E+01
  0.28056076E+00  0.49895071E+01
  0.29058078E+00  0.49999291E+01
  0.30060081E+00  0.50107173E+01
  0.31062084E+00  0.50218659E+01
  0.32064086E+00  0.50333686E+01
  0.33066089E+00  0.50452187E+01
  0.34068092E+00  0.50574092E+01
  0.35070095E+00  0.50699328E+01
  0.36072097E+00  0.50827820E+01
  0.37074100E+00  0.50959492E+01
  0.38076103E+00  0.51094271E+01
  0.39078105E+00  0.51232080E+01
  0.40080108E+00  0.51372848E+01
  0.41082111E+00  0.51516503E+01
  0.42084114E+00  0.51662978E+01
  0.43086116E+00  0.51812206E+01
  0.44088119E+00  0.51964128E+01
  0.45090122E+00  0.52118685E+01
  0.46092124E+00  0.52275822E+01
  0.47094127E+00  0.52435490E+01
  0.48096130E+00  0.52597639E+01
  0.49098132E+00  0.52762225E+01
  0.50100135E+00  0.52929204E+01
  0.51102138E+00  0.53098535E+01
  0.52104141E+00  0.53270176E+01
  0.53106143E+00  0.53444083E+01
  0.54108146E+00  0.53620211E+01
  0.55110149E+00  0.53798512E+01
  0.56112151E+00  0.53978932E+01
  0.57114154E+00  0.54161409E+01
  0.58116157E+00  0.54345875E+01
  0.59118159E+00  0.54532250E+01
  0.60120162E+00  0.54720444E+01
  0.61122165E+00  0.54910352E+01
  0.62124168E+00  0.55101856E+01
  0.63126170E+00  0.55294818E+01
  0.64128173E+00  0.55489085E+01
  0.65130176E+00  0.55684484E+01
  0.66132178E+00  0.55880821E+01
  0.67134181E+00  0.56077879E+01
  0.68136184E+00  0.56275422E+01
  0.69138186E+00  0.56473188E+01
  0.70140189E+00  0.56670892E+01
  0.71142192E+00  0.56868228E+01
  0.72144195E+00  0.57064865E+01
  0.73146197E+00  0.57260448E+01
  0.74148200E+00  0.57454603E+01
  0.75150203E+00  0.57646934E+01
  0.76152205E+00  0.57837024E+01
  0.77154208E+00  0.58024441E+01
  0.78156211E+00  0.58208734E+01
  0.79158214E+00  0.58389442E+01
  0.80160216E+00  0.58566088E+01
  0.81162219E+00  0.58738191E+01
  0.82164222E+00  0.58905262E+01
  0.83166224E+00  0.59066808E+01
  0.84168227E+00  0.59222338E+01
  0.85170230E+00  0.59371366E+01
  0.86172232E+00  0.59513411E+01
  0.87174235E+00  0.59648002E+01
  0.88176238E+00  0.59774685E+01
  0.89178241E+00  0.59893021E+01
  0.90180243E+00  0.60002593E+01
  0.91182246E+00  0.60103006E+01
  0.92184249E+00  0.60193894E+01
  0.93186251E+00  0.60274921E+01
  0.94188254E+00  0.60345783E+01
  0.95190257E+00  0.60406212E+01
  0.96192259E+00  0.60455976E+01
  0.97194262E+00  0.60494883E+01
  0.98196265E+00  0.60522783E+01
  0.99198268E+00  0.60539566E+01
  0.10020027E+01  0.60545168E+01
  0.10120637E+01  0.60533761E+01
  0.10221247E+01  0.60499574E+01
  0.10321857E+01  0.60442715E+01
  0.10422466E+01  0.60363356E+01
  0.10523076E+01  0.60261744E+01
  0.10623686E+01  0.60138187E+01
  0.10724296E+01  0.59993060E+01
  0.10824906E+01  0.59826803E+01
  0.10925516E+01  0.59639910E+01
  0.11026125E+01  0.59432935E+01
  0.11126735E+01  0.59206484E+01
  0.11227345E+01  0.58961211E+01
  0.11327955E+01  0.58697816E+01
  0.11428565E+01  0.58417037E+01
  0.11529174E+01  0.58119652E+01
  0.11629784E+01  0.57806468E+01
  0.11730394E+01  0.57478320E+01
  0.11831004E+01  0.57136068E+01
  0.11931614E+01  0.56780588E+01
  0.12032224E+01  0.56412770E+01
  0.12132833E+01  0.56033516E+01
  0.12233443E+01  0.55643731E+01
  0.12334053E+01  0.55244323E+01
  0.12434663E+01  0.54836198E+01
  0.12535273E+01  0.54420256E+01
  0.12635883E+01  0.53997389E+01
  0.12736492E+01  0.53568475E+01
  0.12837102E+01  0.53134378E+01
  0.12937712E+01  0.52695946E+01
  0.13038322E+01  0.52254005E+01
  0.13138932E+01  0.51809361E+01
  0.13239542E+01  0.51362794E+01
  0.13340151E+01  0.50915061E+01
  0.13440761E+01  0.50466890E+01
  0.13541371E+01  0.50018985E+01
  0.13641981E+01  0.49572016E+01
  0.13742591E+01  0.49126627E+01
  0.13843201E+01  0.48683430E+01
  0.13943810E+01  0.48243007E+01
  0.14044420E+01  0.47805908E+01
  0.14145030E+01  0.47372651E+01
  0.14245640E+01  0.46943723E+01
  0.14346250E+01  0.46519578E+01
  0.14446860E+01  0.46100639E+01
  0.14547469E+01  0.45687296E+01
  0.14648079E+01  0.45279906E+01
  0.14748689E+01  0.44878797E+01
  0.14849299E+01  0.44484260E+01
  0.14949909E+01  0.44096560E+01
  0.15050519E+01  0.43715925E+01
  0.15151128E+01  0.43342556E+01
  0.15251738E+01  0.42976620E+01
  0.15352348E+01  0.42618255E+01
  0.15452958E+01  0.42267568E+01
  0.15553568E+01  0.41924636E+01
  0.15654178E+01  0.41589509E+01
  0.15754787E+01  0.41262206E+01
  0.15855397E+01  0.40942722E+01
  0.15956007E+01  0.40631022E+01
  0.16056617E+01  0.40327048E+01
  0.16157227E+01  0.40030718E+01
  0.16257837E+01  0.39741926E+01
  0.16358446E+01  0.39460547E+01
  0.16459056E+01  0.39186435E+01
  0.16559666E+01  0.38919427E+01
  0.16660276E+01  0.38659344E+01
  0.16760886E+01  0.38405994E+01
  0.16861496E+01  0.38159174E+01
  0.16962105E+01  0.37918670E+01
  0.17062715E+01  0.37684263E+01
  0.17163325E+01  0.37455729E+01
  0.17263935E+01  0.37232842E+01
  0.17364545E+01  0.37015377E+01
  0.17465155E+01  0.36803111E+01
  0.17565764E+01  0.36595826E+01
  0.17666374E+01  0.36393315E+01
  0.17766984E+01  0.36195376E+01
  0.17867594E+01  0.36001823E+01
  0.17968204E+01  0.35812484E+01
  0.18068814E+01  0.35627201E+01
  0.18169423E+01  0.35445836E+01
  0.18270033E+01  0.35268270E+01
  0.18370643E+01  0.35094403E+01
  0.18471253E+01  0.34924158E+01
  0.18571863E+01  0.34757483E+01
  0.18672473E+01  0.34594345E+01
  0.18773082E+01  0.34434737E+01
  0.18873692E+01  0.34278675E+01
  0.18974302E+01  0.34126198E+01
  0.19074912E+01  0.33977370E+01
  0.19175522E+01  0.33832274E+01
  0.19276132E+01  0.33691015E+01
  0.19376741E+01  0.33553720E+01
  0.19477351E+01  0.33420532E+01
  0.19577961E+01  0.33291611E+01
  0.19678571E+01  0.33167132E+01
  0.19779181E+01  0.33047285E+01
  0.19879790E+01  0.32932267E+01
  0.19980400E+01  0.32822285E+01
  0.20081010E+01  0.32717553E+01
  0.20181620E+01  0.32618286E+01
  0.20282230E+01  0.32524702E+01
  0.20382840E+01  0.32437016E+01
  0.20483449E+01  0.32355440E+01
  0.20584059E+01  0.32280179E+01
  0.20684669E+01  0.32211429E+01
  0.20785279E+01  0.32149375E+01
  0.20885889E+01  0.32094189E+01
  0.20986499E+01  0.32046027E+01
  0.21087108E+01  0.32005029E+01
  0.21187718E+01  0.31971315E+01
  0.21288328E+01  0.31944986E+01
  0.21388938E+01  0.31926122E+01
  0.21489548E+01  0.31914781E+01
  0.21590158E+01  0.31910996E+01
  0.21690674E+01  0.31903960E+01
  0.21791190E+01  0.31882782E+01
  0.21891707E+01  0.31847395E+01
  0.21992223E+01  0.31797776E+01
  0.22092740E+01  0.31733943E+01
  0.22193256E+01  0.31655958E+01
  0.22293772E+01  0.31563924E+01
  0.22394289E+01  0.31457983E+01
  0.22494805E+01  0.31338319E+01
  0.22595322E+01  0.31205151E+01
  0.22695838E+01  0.31058739E+01
  0.22796354E+01  0.30899374E+01
  0.22896871E+01  0.30727384E+01
  0.22997387E+01  0.30543128E+01
  0.23097903E+01  0.30346994E+01
  0.23198420E+01  0.30139403E+01
  0.23298936E+01  0.29920799E+01
  0.23399453E+01  0.29691652E+01
  0.23499969E+01  0.29452458E+01
  0.23600485E+01  0.29203730E+01
  0.23701002E+01  0.28946005E+01
  0.23801518E+01  0.28679836E+01
  0.23902035E+01  0.28405790E+01
  0.24002551E+01  0.28124451E+01
  0.24103067E+01  0.27836414E+01
  0.24203584E+01  0.27542284E+01
  0.24304100E+01  0.27242675E+01
  0.24404617E+01  0.26938207E+01
  0.24505133E+01  0.26629506E+01
  0.24605649E+01  0.26317203E+01
  0.24706166E+01  0.26001926E+01
  0.24806682E+01  0.25684307E+01
  0.24907198E+01  0.25364975E+01
  0.25007715E+01  0.25044555E+01
  0.25108231E+01  0.24723669E+01
  0.25208748E+01  0.24402930E+01
  0.25309264E+01  0.24082944E+01
  0.25409780E+01  0.23764307E+01
  0.25510297E+01  0.23447604E+01
  0.25610813E+01  0.23133407E+01
  0.25711330E+01  0.22822274E+01
  0.25811846E+01  0.22514746E+01
  0.25912362E+01  0.22211347E+01
  0.26012879E+01  0.21912585E+01
  0.26113395E+01  0.21618943E+01
  0.26213912E+01  0.21330888E+01
  0.26314428E+01  0.21048861E+01
  0.26414944E+01  0.20773282E+01
  0.26515461E+01  0.20504544E+01
  0.26615977E+01  0.20243016E+01
  0.26716493E+01  0.19989043E+01
  0.26817010E+01  0.19742939E+01
  0.26917526E+01  0.19504994E+01
  0.27018043E+01  0.19275470E+01
  0.27118559E+01  0.19054602E+01
  0.27219075E+01  0.18842597E+01
  0.27319592E+01  0.18639635E+01
  0.27420108E+01  0.18445868E+01
  0.27520625E+01  0.18261424E+01
  0.27621141E+01  0.18086404E+01
  0.27721657E+01  0.17920885E+01
  0.27822174E+01  0.17764920E+01
  0.27922690E+01  0.17618541E+01
  0.28023207E+01  0.17481757E+01
  0.28123723E+01  0.17354560E+01
  0.28224239E+01  0.17236922E+01
  0.28324756E+01  0.17128800E+01
  0.28425272E+01  0.17030136E+01
  0.28525788E+01  0.16940859E+01
  0.28626305E+01  0.16860889E+01
  0.28726821E+01  0.16790134E+01
  0.28827338E+01  0.16728498E+01
  0.28927854E+01  0.16675877E+01
  0.29028370E+01  0.16632164E+01
  0.29128887E+01  0.16597252E+01
  0.29229403E+01  0.16571031E+01
  0.29329920E+01  0.16553394E+01
  0.29430436E+01  0.16544235E+01
  0.29530952E+01  0.16543455E+01
  0.29631469E+01  0.16550957E+01
  0.29731985E+01  0.16566652E+01
  0.29832502E+01  0.16590458E+01
  0.29933018E+01  0.16622300E+01
  0.30033534E+01  0.16662112E+01
  0.30134051E+01  0.16709837E+01
  0.30234567E+01  0.16765426E+01
  0.30335083E+01  0.16828842E+01
  0.30435600E+01  0.16900054E+01
  0.30536116E+01  0.16979043E+01
  0.30636633E+01  0.17065795E+01
  0.30737149E+01  0.17160309E+01
  0.30837739E+01  0.16951161E+01
  0.30938329E+01  0.16763890E+01
  0.31038919E+01  0.16598159E+01
  0.31139509E+01  0.16453547E+01
  0.31240099E+01  0.16329570E+01
  0.31340689E+01  0.16225689E+01
  0.31441279E+01  0.16141326E+01
  0.31541869E+01  0.16075874E+01
  0.31642459E+01  0.16028711E+01
  0.31743049E+01  0.15999209E+01
  0.31843639E+01  0.15986746E+01
  0.31944229E+01  0.15990712E+01
  0.32044819E+01  0.16010519E+01
  0.32145409E+01  0.16045609E+01
  0.32245999E+01  0.16095454E+01
  0.32346589E+01  0.16159567E+01
  0.32447179E+01  0.16237505E+01
  0.32547769E+01  0.16328865E+01
  0.32648359E+01  0.16433295E+01
  0.32748948E+01  0.16550488E+01
  0.32849538E+01  0.16680185E+01
  0.32950128E+01  0.16822172E+01
  0.33050718E+01  0.16976283E+01
  0.33151308E+01  0.17142393E+01
  0.33251898E+01  0.17320417E+01
  0.33352488E+01  0.17510311E+01
  0.33453078E+01  0.17712061E+01
  0.33553668E+01  0.17925686E+01
  0.33654258E+01  0.18151231E+01
  0.33754848E+01  0.18388764E+01
  0.33855438E+01  0.18638371E+01
  0.33956028E+01  0.18900151E+01
  0.34056618E+01  0.19174216E+01
  0.34157208E+01  0.19460679E+01
  0.34257798E+01  0.19759658E+01
  0.34358388E+01  0.20071268E+01
  0.34458978E+01  0.20395616E+01
  0.34559568E+01  0.20732802E+01
  0.34660158E+01  0.21082910E+01
  0.34760748E+01  0.21446009E+01
  0.34861338E+01  0.21822147E+01
  0.34961928E+01  0.22211354E+01
  0.35062518E+01  0.22613630E+01
  0.35163108E+01  0.23028954E+01
  0.35263698E+01  0.23457275E+01
  0.35364288E+01  0.23898510E+01
  0.35464878E+01  0.24352549E+01
  0.35565468E+01  0.24819248E+01
  0.35666058E+01  0.25298433E+01
  0.35766648E+01  0.25789895E+01
  0.35867238E+01  0.26293393E+01
  0.35967828E+01  0.26808656E+01
  0.36068418E+01  0.27335379E+01
  0.36169008E+01  0.27873226E+01
  0.36269598E+01  0.28421830E+01
  0.36370188E+01  0.28980798E+01
  0.36470777E+01  0.29549706E+01
  0.36571367E+01  0.30128105E+01
  0.36671957E+01  0.30715522E+01
  0.36772547E+01  0.31311458E+01
  0.36873137E+01  0.31915397E+01
  0.36973727E+01  0.32526802E+01
  0.37074317E+01  0.33145116E+01
  0.37174907E+01  0.33769772E+01
  0.37275497E+01  0.34400186E+01
  0.37376087E+01  0.35035762E+01
  0.37476677E+01  0.35675898E+01
  0.37577267E+01  0.36319982E+01
  0.37677857E+01  0.36967396E+01
  0.37778447E+01  0.37617518E+01
  0.37879037E+01  0.38269724E+01
  0.37979627E+01  0.38923389E+01
  0.38080217E+01  0.39577886E+01
  0.38180807E+01  0.40232591E+01
  0.38281397E+01  0.40886880E+01
  0.38381987E+01  0.41540134E+01
  0.38482577E+01  0.42191735E+01
  0.38583167E+01  0.42841071E+01
  0.38683757E+01  0.43487532E+01
  0.38784347E+01  0.44130513E+01
  0.38884937E+01  0.44769413E+01
  0.38985527E+01  0.45403637E+01
  0.39086117E+01  0.46032592E+01
  0.39186707E+01  0.46655689E+01
  0.39287297E+01  0.47272342E+01
  0.39387887E+01  0.47881971E+01
  0.39488477E+01  0.48483995E+01
  0.39589067E+01  0.49077838E+01
  0.39689657E+01  0.49662926E+01
  0.39790247E+01  0.50238685E+01
  0.39890837E+01  0.50804545E+01
  0.39991427E+01  0.51359935E+01
  0.40092017E+01  0.51904287E+01
  0.40192606E+01  0.52437035E+01
  0.40293196E+01  0.52957612E+01
  0.40393786E+01  0.53465456E+01
  0.40494376E+01  0.53960006E+01
  0.40594966E+01  0.54440703E+01
  0.40695556E+01  0.54906994E+01
  0.40796146E+01  0.55358330E+01
  0.40896736E+01  0.55794166E+01
  0.40997326E+01  0.56213966E+01
  0.41097916E+01  0.56617201E+01
  0.41198506E+01  0.57003353E+01
  0.41299096E+01  0.57371914E+01
  0.41399686E+01  0.57722390E+01
  0.41500276E+01  0.58054300E+01
  0.41600866E+01  0.58367182E+01
  0.41701456E+01  0.58660591E+01
  0.41802046E+01  0.58934102E+01
  0.41902636E+01  0.59187313E+01
  0.42003226E+01  0.59419846E+01
  0.42103816E+01  0.59631347E+01
  0.42204406E+01  0.59821493E+01
  0.42304996E+01  0.59989987E+01
  0.42405586E+01  0.60136565E+01
  0.42506176E+01  0.60260994E+01
  0.42606766E+01  0.60363075E+01
  0.42707356E+01  0.60442643E+01
  0.42807946E+01  0.60499571E+01
  0.42908536E+01  0.60533764E+01
  0.43009126E+01  0.60545168E+01
  
  0.00000000E+00  0.48504349E+01
  0.10020027E-01  0.48506005E+01
  0.20040054E-01  0.48510978E+01
  0.30060081E-01  0.48519275E+01
  0.40080108E-01  0.48530912E+01
  0.50100135E-01  0.48545910E+01
  0.60120162E-01  0.48564294E+01
  0.70140189E-01  0.48586095E+01
  0.80160216E-01  0.48611348E+01
  0.90180243E-01  0.48640089E+01
  0.10020027E+00  0.48672360E+01
  0.11022030E+00  0.48708203E+01
  0.12024032E+00  0.48747659E+01
  0.13026035E+00  0.48790772E+01
  0.14028038E+00  0.48837583E+01
  0.15030041E+00  0.48888133E+01
  0.16032043E+00  0.48942456E+01
  0.17034046E+00  0.49000587E+01
  0.18036049E+00  0.49062554E+01
  0.19038051E+00  0.49128380E+01
  0.20040054E+00  0.49198083E+01
  0.21042057E+00  0.49271674E+01
  0.22044059E+00  0.49349155E+01
  0.23046062E+00  0.49430526E+01
  0.24048065E+00  0.49515774E+01
  0.25050068E+00  0.49604881E+01
  0.26052070E+00  0.49697823E+01
  0.27054073E+00  0.49794566E+01
  0.28056076E+00  0.49895071E+01
  0.29058078E+00  0.49999291E+01
  0.30060081E+00  0.50107173E+01
  0.31062084E+00  0.50218659E+01
  0.32064086E+00  0.50333686E+01
  0.33066089E+00  0.50452187E+01
  0.34068092E+00  0.50574092E+01
  0.35070095E+00  0.50699328E+01
  0.36072097E+00  0.50827820E+01
  0.37074100E+00  0.50959492E+01
  0.38076103E+00  0.51094271E+01
  0.39078105E+00  0.51232080E+01
  0.40080108E+00  0.51372848E+01
  0.41082111E+00  0.51516503E+01
  0.42084114E+00  0.51662978E+01
  0.43086116E+00  0.51812206E+01
  0.44088119E+00  0.51964128E+01
  0.45090122E+00  0.52118685E+01
  0.46092124E+00  0.52275822E+01
  0.47094127E+00  0.52435490E+01
  0.48096130E+00  0.52597639E+01
  0.49098132E+00  0.52762225E+01
  0.50100135E+00  0.52929204E+01
  0.51102138E+00  0.53098535E+01
  0.52104141E+00  0.53270176E+01
  0.53106143E+00  0.53444083E+01
  0.54108146E+00  0.53620211E+01
  0.55110149E+00  0.53798512E+01
  0.56112151E+00  0.53978932E+01
  0.57114154E+00  0.54161409E+01
  0.58116157E+00  0.54345875E+01
  0.59118159E+00  0.54532250E+01
  0.60120162E+00  0.54720444E+01
  0.61122165E+00  0.54910352E+01
  0.62124168E+00  0.55101856E+01
  0.63126170E+00  0.55294818E+01
  0.64128173E+00  0.55489085E+01
  0.65130176E+00  0.55684484E+01
  0.66132178E+00  0.55880821E+01
  0.67134181E+00  0.56077879E+01
  0.68136184E+00  0.56275422E+01
  0.69138186E+00  0.56473188E+01
  0.70140189E+00  0.56670892E+01
  0.71142192E+00  0.56868228E+01
  0.72144195E+00  0.57064865E+01
  0.73146197E+00  0.57260448E+01
  0.74148200E+00  0.57454603E+01
  0.75150203E+00  0.57646934E+01
  0.76152205E+00  0.57837024E+01
  0.77154208E+00  0.58024441E+01
  0.78156211E+00  0.58208734E+01
  0.79158214E+00  0.58389442E+01
  0.80160216E+00  0.58566088E+01
  0.81162219E+00  0.58738191E+01
  0.82164222E+00  0.58905262E+01
  0.83166224E+00  0.59066808E+01
  0.84168227E+00  0.59222338E+01
  0.85170230E+00  0.59371366E+01
  0.86172232E+00  0.59513411E+01
  0.87174235E+00  0.59648002E+01
  0.88176238E+00  0.59774685E+01
  0.89178241E+00  0.59893021E+01
  0.90180243E+00  0.60002593E+01
  0.91182246E+00  0.60103006E+01
  0.92184249E+00  0.60193894E+01
  0.93186251E+00  0.60274921E+01
  0.94188254E+00  0.60345783E+01
  0.95190257E+00  0.60406212E+01
  0.96192259E+00  0.60455976E+01
  0.97194262E+00  0.60494883E+01
  0.98196265E+00  0.60522783E+01
  0.99198268E+00  0.60539566E+01
  0.10020027E+01  0.60545169E+01
  0.10120637E+01  0.60533762E+01
  0.10221247E+01  0.60499575E+01
  0.10321857E+01  0.60442715E+01
  0.10422466E+01  0.60363357E+01
  0.10523076E+01  0.60261744E+01
  0.10623686E+01  0.60138187E+01
  0.10724296E+01  0.59993061E+01
  0.10824906E+01  0.59826804E+01
  0.10925516E+01  0.59639911E+01
  0.11026125E+01  0.59432936E+01
  0.11126735E+01  0.59206485E+01
  0.11227345E+01  0.58961212E+01
  0.11327955E+01  0.58697817E+01
  0.11428565E+01  0.58417038E+01
  0.11529174E+01  0.58119653E+01
  0.11629784E+01  0.57806469E+01
  0.11730394E+01  0.57478321E+01
  0.11831004E+01  0.57136069E+01
  0.11931614E+01  0.56780589E+01
  0.12032224E+01  0.56412771E+01
  0.12132833E+01  0.56033517E+01
  0.12233443E+01  0.55643732E+01
  0.12334053E+01  0.55244324E+01
  0.12434663E+01  0.54836199E+01
  0.12535273E+01  0.54420257E+01
  0.12635883E+01  0.53997390E+01
  0.12736492E+01  0.53568476E+01
  0.12837102E+01  0.53134379E+01
  0.12937712E+01  0.52695947E+01
  0.13038322E+01  0.52254006E+01
  0.13138932E+01  0.51809362E+01
  0.13239542E+01  0.51362795E+01
  0.13340151E+01  0.50915062E+01
  0.13440761E+01  0.50466891E+01
  0.13541371E+01  0.50018986E+01
  0.13641981E+01  0.49572017E+01
  0.13742591E+01  0.49126628E+01
  0.13843201E+01  0.48683431E+01
  0.13943810E+01  0.48243008E+01
  0.14044420E+01  0.47805909E+01
  0.14145030E+01  0.47372652E+01
  0.14245640E+01  0.46943724E+01
  0.14346250E+01  0.46519579E+01
  0.14446860E+01  0.46100640E+01
  0.14547469E+01  0.45687297E+01
  0.14648079E+01  0.45279907E+01
  0.14748689E+01  0.44878798E+01
  0.14849299E+01  0.44484261E+01
  0.14949909E+01  0.44096561E+01
  0.15050519E+01  0.43715926E+01
  0.15151128E+01  0.43342557E+01
  0.15251738E+01  0.42976621E+01
  0.15352348E+01  0.42618256E+01
  0.15452958E+01  0.42267569E+01
  0.15553568E+01  0.41924637E+01
  0.15654178E+01  0.41589510E+01
  0.15754787E+01  0.41262208E+01
  0.15855397E+01  0.40942723E+01
  0.15956007E+01  0.40631023E+01
  0.16056617E+01  0.40327049E+01
  0.16157227E+01  0.40030719E+01
  0.16257837E+01  0.39741927E+01
  0.16358446E+01  0.39460548E+01
  0.16459056E+01  0.39186436E+01
  0.16559666E+01  0.38919428E+01
  0.16660276E+01  0.38659345E+01
  0.16760886E+01  0.38405995E+01
  0.16861496E+01  0.38159175E+01
  0.16962105E+01  0.37918671E+01
  0.17062715E+01  0.37684264E+01
  0.17163325E+01  0.37455730E+01
  0.17263935E+01  0.37232844E+01
  0.17364545E+01  0.37015378E+01
  0.17465155E+01  0.36803112E+01
  0.17565764E+01  0.36595828E+01
  0.17666374E+01  0.36393316E+01
  0.17766984E+01  0.36195377E+01
  0.17867594E+01  0.36001825E+01
  0.17968204E+01  0.35812485E+01
  0.18068814E+01  0.35627202E+01
  0.18169423E+01  0.35445837E+01
  0.18270033E+01  0.35268271E+01
  0.18370643E+01  0.35094404E+01
  0.18471253E+01  0.34924159E+01
  0.18571863E+01  0.34757484E+01
  0.18672473E+01  0.34594346E+01
  0.18773082E+01  0.34434738E+01
  0.18873692E+01  0.34278676E+01
  0.18974302E+01  0.34126199E+01
  0.19074912E+01  0.33977371E+01
  0.19175522E+01  0.33832275E+01
  0.19276132E+01  0.33691016E+01
  0.19376741E+01  0.33553721E+01
  0.19477351E+01  0.33420533E+01
  0.19577961E+01  0.33291612E+01
  0.19678571E+01  0.33167133E+01
  0.19779181E+01  0.33047286E+01
  0.19879790E+01  0.32932268E+01
  0.19980400E+01  0.32822286E+01
  0.20081010E+01  0.32717553E+01
  0.20181620E+01  0.32618287E+01
  0.20282230E+01  0.32524703E+01
  0.20382840E+01  0.32437017E+01
  0.20483449E+01  0.32355441E+01
  0.20584059E+01  0.32280180E+01
  0.20684669E+01  0.32211430E+01
  0.20785279E+01  0.32149376E+01
  0.20885889E+01  0.32094190E+01
  0.20986499E+01  0.32046028E+01
  0.21087108E+01  0.32005030E+01
  0.21187718E+01  0.31971316E+01
  0.21288328E+01  0.31944987E+01
  0.21388938E+01  0.31926123E+01
  0.21489548E+01  0.31914781E+01
  0.21590158E+01  0.31910997E+01
  0.21690674E+01  0.31904004E+01
  0.21791190E+01  0.31883138E+01
  0.21891707E+01  0.31848599E+01
  0.21992223E+01  0.31800631E+01
  0.22092740E+01  0.31739523E+01
  0.22193256E+01  0.31665608E+01
  0.22293772E+01  0.31579262E+01
  0.22394289E+01  0.31480905E+01
  0.22494805E+01  0.31370999E+01
  0.22595322E+01  0.31250046E+01
  0.22695838E+01  0.31118591E+01
  0.22796354E+01  0.30977218E+01
  0.22896871E+01  0.30826551E+01
  0.22997387E+01  0.30667251E+01
  0.23097903E+01  0.30500016E+01
  0.23198420E+01  0.30325580E+01
  0.23298936E+01  0.30144711E+01
  0.23399453E+01  0.29958212E+01
  0.23499969E+01  0.29766915E+01
  0.23600485E+01  0.29571685E+01
  0.23701002E+01  0.29373416E+01
  0.23801518E+01  0.29173029E+01
  0.23902035E+01  0.28971470E+01
  0.24002551E+01  0.28769712E+01
  0.24103067E+01  0.28568747E+01
  0.24203584E+01  0.28369590E+01
  0.24304100E+01  0.28173273E+01
  0.24404617E+01  0.27980843E+01
  0.24505133E+01  0.27793358E+01
  0.24605649E+01  0.27611889E+01
  0.24706166E+01  0.27437510E+01
  0.24806682E+01  0.27271297E+01
  0.24907198E+01  0.27114324E+01
  0.25007715E+01  0.26967657E+01
  0.25108231E+01  0.26832350E+01
  0.25208748E+01  0.26709436E+01
  0.25309264E+01  0.26599925E+01
  0.25409780E+01  0.26504792E+01
  0.25510297E+01  0.26424975E+01
  0.25610813E+01  0.26361362E+01
  0.25711330E+01  0.26314785E+01
  0.25811846E+01  0.26286012E+01
  0.25912362E+01  0.26275738E+01
  0.26012879E+01  0.26284574E+01
  0.26113395E+01  0.26313043E+01
  0.26213912E+01  0.26361567E+01
  0.26314428E+01  0.26430463E+01
  0.26414944E+01  0.26519935E+01
  0.26515461E+01  0.26630065E+01
  0.26615977E+01  0.26760813E+01
  0.26716493E+01  0.26912010E+01
  0.26817010E+01  0.27083355E+01
  0.26917526E+01  0.27274415E+01
  0.27018043E+01  0.27484624E+01
  0.27118559E+01  0.27713285E+01
  0.27219075E+01  0.27959573E+01
  0.27319592E+01  0.28222539E+01
  0.27420108E+01  0.28501111E+01
  0.27520625E+01  0.28794107E+01
  0.27621141E+01  0.29100238E+01
  0.27721657E+01  0.29418115E+01
  0.27822174E+01  0.29746259E+01
  0.27922690E+01  0.30083112E+01
  0.28023207E+01  0.30427041E+01
  0.28123723E+01  0.30776352E+01
  0.28224239E+01  0.31129301E+01
  0.28324756E+01  0.31484099E+01
  0.28425272E+01  0.31838927E+01
  0.28525788E+01  0.32191944E+01
  0.28626305E+01  0.32541298E+01
  0.28726821E+01  0.32885135E+01
  0.28827338E+01  0.33221611E+01
  0.28927854E+01  0.33548898E+01
  0.29028370E+01  0.33865200E+01
  0.29128887E+01  0.34168754E+01
  0.29229403E+01  0.34457847E+01
  0.29329920E+01  0.34730820E+01
  0.29430436E+01  0.34986079E+01
  0.29530952E+01  0.35222102E+01
  0.29631469E+01  0.35437447E+01
  0.29731985E+01  0.35630759E+01
  0.29832502E+01  0.35800779E+01
  0.29933018E+01  0.35946347E+01
  0.30033534E+01  0.36066411E+01
  0.30134051E+01  0.36160033E+01
  0.30234567E+01  0.36226389E+01
  0.30335083E+01  0.36264780E+01
  0.30435600E+01  0.36274628E+01
  0.30536116E+01  0.36255489E+01
  0.30636633E+01  0.36207044E+01
  0.30737149E+01  0.36129109E+01
  0.30837739E+01  0.36338859E+01
  0.30938329E+01  0.36553158E+01
  0.31038919E+01  0.36771937E+01
  0.31139509E+01  0.36995127E+01
  0.31240099E+01  0.37222659E+01
  0.31340689E+01  0.37454465E+01
  0.31441279E+01  0.37690476E+01
  0.31541869E+01  0.37930624E+01
  0.31642459E+01  0.38174841E+01
  0.31743049E+01  0.38423060E+01
  0.31843639E+01  0.38675214E+01
  0.31944229E+01  0.38931235E+01
  0.32044819E+01  0.39191054E+01
  0.32145409E+01  0.39454602E+01
  0.32245999E+01  0.39721809E+01
  0.32346589E+01  0.39992601E+01
  0.32447179E+01  0.40266904E+01
  0.32547769E+01  0.40544638E+01
  0.32648359E+01  0.40825721E+01
  0.32748948E+01  0.41110065E+01
  0.32849538E+01  0.41397577E+01
  0.32950128E+01  0.41688157E+01
  0.33050718E+01  0.41981700E+01
  0.33151308E+01  0.42278091E+01
  0.33251898E+01  0.42577207E+01
  0.33352488E+01  0.42878917E+01
  0.33453078E+01  0.43183079E+01
  0.33553668E+01  0.43489541E+01
  0.33654258E+01  0.43798141E+01
  0.33754848E+01  0.44108704E+01
  0.33855438E+01  0.44421046E+01
  0.33956028E+01  0.44734970E+01
  0.34056618E+01  0.45050267E+01
  0.34157208E+01  0.45366717E+01
  0.34257798E+01  0.45684089E+01
  0.34358388E+01  0.46002141E+01
  0.34458978E+01  0.46320620E+01
  0.34559568E+01  0.46639262E+01
  0.34660158E+01  0.46957798E+01
  0.34760748E+01  0.47275946E+01
  0.34861338E+01  0.47593422E+01
  0.34961928E+01  0.47909930E+01
  0.35062518E+01  0.48225176E+01
  0.35163108E+01  0.48538858E+01
  0.35263698E+01  0.48850675E+01
  0.35364288E+01  0.49160324E+01
  0.35464878E+01  0.49467505E+01
  0.35565468E+01  0.49771922E+01
  0.35666058E+01  0.50073282E+01
  0.35766648E+01  0.50371301E+01
  0.35867238E+01  0.50665701E+01
  0.35967828E+01  0.50956216E+01
  0.36068418E+01  0.51242593E+01
  0.36169008E+01  0.51524591E+01
  0.36269598E+01  0.51801985E+01
  0.36370188E+01  0.52074566E+01
  0.36470777E+01  0.52342144E+01
  0.36571367E+01  0.52604548E+01
  0.36671957E+01  0.52861626E+01
  0.36772547E+01  0.53113251E+01
  0.36873137E+01  0.53359314E+01
  0.36973727E+01  0.53599730E+01
  0.37074317E+01  0.53834438E+01
  0.37174907E+01  0.54063400E+01
  0.37275497E+01  0.54286598E+01
  0.37376087E+01  0.54504041E+01
  0.37476677E+01  0.54715758E+01
  0.37577267E+01  0.54921801E+01
  0.37677857E+01  0.55122240E+01
  0.37778447E+01  0.55317167E+01
  0.37879037E+01  0.55506694E+01
  0.37979627E+01  0.55690945E+01
  0.38080217E+01  0.55870064E+01
  0.38180807E+01  0.56044207E+01
  0.38281397E+01  0.56213541E+01
  0.38381987E+01  0.56378244E+01
  0.38482577E+01  0.56538500E+01
  0.38583167E+01  0.56694499E+01
  0.38683757E+01  0.56846436E+01
  0.38784347E+01  0.56994504E+01
  0.38884937E+01  0.57138898E+01
  0.38985527E+01  0.57279807E+01
  0.39086117E+01  0.57417414E+01
  0.39186707E+01  0.57551898E+01
  0.39287297E+01  0.57683425E+01
  0.39387887E+01  0.57812149E+01
  0.39488477E+01  0.57938213E+01
  0.39589067E+01  0.58061744E+01
  0.39689657E+01  0.58182853E+01
  0.39790247E+01  0.58301632E+01
  0.39890837E+01  0.58418157E+01
  0.39991427E+01  0.58532482E+01
  0.40092017E+01  0.58644643E+01
  0.40192606E+01  0.58754655E+01
  0.40293196E+01  0.58862512E+01
  0.40393786E+01  0.58968188E+01
  0.40494376E+01  0.59071638E+01
  0.40594966E+01  0.59172796E+01
  0.40695556E+01  0.59271579E+01
  0.40796146E+01  0.59367887E+01
  0.40896736E+01  0.59461601E+01
  0.40997326E+01  0.59552589E+01
  0.41097916E+01  0.59640705E+01
  0.41198506E+01  0.59725794E+01
  0.41299096E+01  0.59807688E+01
  0.41399686E+01  0.59886212E+01
  0.41500276E+01  0.59961188E+01
  0.41600866E+01  0.60032431E+01
  0.41701456E+01  0.60099757E+01
  0.41802046E+01  0.60162982E+01
  0.41902636E+01  0.60221925E+01
  0.42003226E+01  0.60276413E+01
  0.42103816E+01  0.60326275E+01
  0.42204406E+01  0.60371354E+01
  0.42304996E+01  0.60411502E+01
  0.42405586E+01  0.60446585E+01
  0.42506176E+01  0.60476483E+01
  0.42606766E+01  0.60501090E+01
  0.42707356E+01  0.60520322E+01
  0.42807946E+01  0.60534109E+01
  0.42908536E+01  0.60542401E+01
  0.43009126E+01  0.60545169E+01
  
