64
1 0.04069836933532148 1.0
2 0.04069836933532148 1.0
3 0.04069836933532148 1.0
4 0.04069836933532148 1.0
5 0.04069836933532148 1.0
6 0.04069836933532148 1.0
7 0.04069836933532148 1.0
8 0.04069836933532148 1.0
9 0.04069836933532148 1.0
10 0.04069836933532148 1.0
11 0.04069836933532148 1.0
12 0.04069836933532148 1.0
13 0.04069836933532148 1.0
14 0.04069836933532148 1.0
15 0.04069836933532148 1.0
16 0.04069836933532148 1.0
17 0.04069836933532148 1.0
18 0.04069836933532148 1.0
19 0.04069836933532148 1.0
20 0.04069836933532148 1.0
21 0.04069836933532148 1.0
22 0.04069836933532148 1.0
23 0.04069836933532148 1.0
24 0.04069836933532148 1.0
25 0.04069836933532148 1.0
26 0.04069836933532148 1.0
27 0.04069836933532148 1.0
28 0.04069836933532148 1.0
29 0.04069836933532148 1.0
30 0.04069836933532148 1.0
31 0.04069836933532148 1.0
32 0.04069836933532148 1.0
33 0.04069836933532148 1.0
34 0.04069836933532148 1.0
35 0.04069836933532148 1.0
36 0.04069836933532148 1.0
37 0.04069836933532148 1.0
38 0.04069836933532148 1.0
39 0.04069836933532148 1.0
40 0.04069836933532148 1.0
41 0.04069836933532148 1.0
42 0.04069836933532148 1.0
43 0.04069836933532148 1.0
44 0.04069836933532148 1.0
45 0.04069836933532148 1.0
46 0.04069836933532148 1.0
47 0.04069836933532148 1.0
48 0.04069836933532148 1.0
49 0.04069836933532148 1.0
50 0.04069836933532148 1.0
51 0.04069836933532148 1.0
52 0.04069836933532148 1.0
53 0.04069836933532148 1.0
54 0.04069836933532148 1.0
55 0.04069836933532148 1.0
56 0.04069836933532148 1.0
57 0.04069836933532148 1.0
58 0.04069836933532148 1.0
59 0.04069836933532148 1.0
60 0.04069836933532148 1.0
61 0.04069836933532148 1.0
62 0.04069836933532148 1.0
63 0.04069836933532148 1.0
64 0.04069836933532148 1.0
