  0.00000000E+00 -0.33359413E+01
  0.10020027E-01 -0.33373985E+01
  0.20040054E-01 -0.33417571E+01
  0.30060081E-01 -0.33489787E+01
  0.40080108E-01 -0.33590010E+01
  0.50100135E-01 -0.33717396E+01
  0.60120162E-01 -0.33870911E+01
  0.70140189E-01 -0.34049363E+01
  0.80160216E-01 -0.34251431E+01
  0.90180243E-01 -0.34475706E+01
  0.10020027E+00 -0.34720716E+01
  0.11022030E+00 -0.34984954E+01
  0.12024032E+00 -0.35266909E+01
  0.13026035E+00 -0.35565079E+01
  0.14028038E+00 -0.35877991E+01
  0.15030041E+00 -0.36204214E+01
  0.16032043E+00 -0.36542365E+01
  0.17034046E+00 -0.36891119E+01
  0.18036049E+00 -0.37249208E+01
  0.19038051E+00 -0.37615429E+01
  0.20040054E+00 -0.37988639E+01
  0.21042057E+00 -0.38367761E+01
  0.22044059E+00 -0.38751777E+01
  0.23046062E+00 -0.39139728E+01
  0.24048065E+00 -0.39530717E+01
  0.25050068E+00 -0.39923902E+01
  0.26052070E+00 -0.40318496E+01
  0.27054073E+00 -0.40713766E+01
  0.28056076E+00 -0.41109033E+01
  0.29058078E+00 -0.41503665E+01
  0.30060081E+00 -0.41897081E+01
  0.31062084E+00 -0.42288750E+01
  0.32064086E+00 -0.42678184E+01
  0.33066089E+00 -0.43064941E+01
  0.34068092E+00 -0.43448625E+01
  0.35070095E+00 -0.43828879E+01
  0.36072097E+00 -0.44205389E+01
  0.37074100E+00 -0.44577879E+01
  0.38076103E+00 -0.44946110E+01
  0.39078105E+00 -0.45309878E+01
  0.40080108E+00 -0.45669011E+01
  0.41082111E+00 -0.46023370E+01
  0.42084114E+00 -0.46372842E+01
  0.43086116E+00 -0.46717340E+01
  0.44088119E+00 -0.47056800E+01
  0.45090122E+00 -0.47391178E+01
  0.46092124E+00 -0.47720448E+01
  0.47094127E+00 -0.48044596E+01
  0.48096130E+00 -0.48363621E+01
  0.49098132E+00 -0.48677531E+01
  0.50100135E+00 -0.48986339E+01
  0.51102138E+00 -0.49290060E+01
  0.52104141E+00 -0.49588713E+01
  0.53106143E+00 -0.49882311E+01
  0.54108146E+00 -0.50170867E+01
  0.55110149E+00 -0.50454385E+01
  0.56112151E+00 -0.50732864E+01
  0.57114154E+00 -0.51006293E+01
  0.58116157E+00 -0.51274652E+01
  0.59118159E+00 -0.51537911E+01
  0.60120162E+00 -0.51796026E+01
  0.61122165E+00 -0.52048947E+01
  0.62124168E+00 -0.52296608E+01
  0.63126170E+00 -0.52538936E+01
  0.64128173E+00 -0.52775847E+01
  0.65130176E+00 -0.53007250E+01
  0.66132178E+00 -0.53233043E+01
  0.67134181E+00 -0.53453122E+01
  0.68136184E+00 -0.53667377E+01
  0.69138186E+00 -0.53875693E+01
  0.70140189E+00 -0.54077958E+01
  0.71142192E+00 -0.54274059E+01
  0.72144195E+00 -0.54463883E+01
  0.73146197E+00 -0.54647324E+01
  0.74148200E+00 -0.54824283E+01
  0.75150203E+00 -0.54994665E+01
  0.76152205E+00 -0.55158385E+01
  0.77154208E+00 -0.55315369E+01
  0.78156211E+00 -0.55465552E+01
  0.79158214E+00 -0.55608882E+01
  0.80160216E+00 -0.55745317E+01
  0.81162219E+00 -0.55874830E+01
  0.82164222E+00 -0.55997403E+01
  0.83166224E+00 -0.56113031E+01
  0.84168227E+00 -0.56221722E+01
  0.85170230E+00 -0.56323492E+01
  0.86172232E+00 -0.56418367E+01
  0.87174235E+00 -0.56506382E+01
  0.88176238E+00 -0.56587580E+01
  0.89178241E+00 -0.56662007E+01
  0.90180243E+00 -0.56729715E+01
  0.91182246E+00 -0.56790758E+01
  0.92184249E+00 -0.56845192E+01
  0.93186251E+00 -0.56893069E+01
  0.94188254E+00 -0.56934443E+01
  0.95190257E+00 -0.56969361E+01
  0.96192259E+00 -0.56997867E+01
  0.97194262E+00 -0.57019997E+01
  0.98196265E+00 -0.57035783E+01
  0.99198268E+00 -0.57045245E+01
  0.10020027E+01 -0.57048398E+01
  0.10120637E+01 -0.57045220E+01
  0.10221247E+01 -0.57035680E+01
  0.10321857E+01 -0.57019769E+01
  0.10422466E+01 -0.56997465E+01
  0.10523076E+01 -0.56968744E+01
  0.10623686E+01 -0.56933572E+01
  0.10724296E+01 -0.56891910E+01
  0.10824906E+01 -0.56843715E+01
  0.10925516E+01 -0.56788941E+01
  0.11026125E+01 -0.56727538E+01
  0.11126735E+01 -0.56659453E+01
  0.11227345E+01 -0.56584636E+01
  0.11327955E+01 -0.56503035E+01
  0.11428565E+01 -0.56414601E+01
  0.11529174E+01 -0.56319289E+01
  0.11629784E+01 -0.56217057E+01
  0.11730394E+01 -0.56107867E+01
  0.11831004E+01 -0.55991689E+01
  0.11931614E+01 -0.55868498E+01
  0.12032224E+01 -0.55738279E+01
  0.12132833E+01 -0.55601020E+01
  0.12233443E+01 -0.55456721E+01
  0.12334053E+01 -0.55305389E+01
  0.12434663E+01 -0.55147039E+01
  0.12535273E+01 -0.54981695E+01
  0.12635883E+01 -0.54809387E+01
  0.12736492E+01 -0.54630155E+01
  0.12837102E+01 -0.54444046E+01
  0.12937712E+01 -0.54251112E+01
  0.13038322E+01 -0.54051413E+01
  0.13138932E+01 -0.53845014E+01
  0.13239542E+01 -0.53631983E+01
  0.13340151E+01 -0.53412396E+01
  0.13440761E+01 -0.53186327E+01
  0.13541371E+01 -0.52953856E+01
  0.13641981E+01 -0.52715062E+01
  0.13742591E+01 -0.52470026E+01
  0.13843201E+01 -0.52218828E+01
  0.13943810E+01 -0.51961546E+01
  0.14044420E+01 -0.51698255E+01
  0.14145030E+01 -0.51429026E+01
  0.14245640E+01 -0.51153928E+01
  0.14346250E+01 -0.50873023E+01
  0.14446860E+01 -0.50586366E+01
  0.14547469E+01 -0.50294006E+01
  0.14648079E+01 -0.49995984E+01
  0.14748689E+01 -0.49692333E+01
  0.14849299E+01 -0.49383075E+01
  0.14949909E+01 -0.49068224E+01
  0.15050519E+01 -0.48747783E+01
  0.15151128E+01 -0.48421747E+01
  0.15251738E+01 -0.48090097E+01
  0.15352348E+01 -0.47752806E+01
  0.15452958E+01 -0.47409838E+01
  0.15553568E+01 -0.47061145E+01
  0.15654178E+01 -0.46706672E+01
  0.15754787E+01 -0.46346353E+01
  0.15855397E+01 -0.45980119E+01
  0.15956007E+01 -0.45607891E+01
  0.16056617E+01 -0.45229586E+01
  0.16157227E+01 -0.44845119E+01
  0.16257837E+01 -0.44454400E+01
  0.16358446E+01 -0.44057342E+01
  0.16459056E+01 -0.43653857E+01
  0.16559666E+01 -0.43243859E+01
  0.16660276E+01 -0.42827269E+01
  0.16760886E+01 -0.42404012E+01
  0.16861496E+01 -0.41974021E+01
  0.16962105E+01 -0.41537239E+01
  0.17062715E+01 -0.41093619E+01
  0.17163325E+01 -0.40643127E+01
  0.17263935E+01 -0.40185738E+01
  0.17364545E+01 -0.39721445E+01
  0.17465155E+01 -0.39250254E+01
  0.17565764E+01 -0.38772184E+01
  0.17666374E+01 -0.38287269E+01
  0.17766984E+01 -0.37795562E+01
  0.17867594E+01 -0.37297125E+01
  0.17968204E+01 -0.36792037E+01
  0.18068814E+01 -0.36280391E+01
  0.18169423E+01 -0.35762293E+01
  0.18270033E+01 -0.35237857E+01
  0.18370643E+01 -0.34707213E+01
  0.18471253E+01 -0.34170497E+01
  0.18571863E+01 -0.33627853E+01
  0.18672473E+01 -0.33079435E+01
  0.18773082E+01 -0.32525398E+01
  0.18873692E+01 -0.31965904E+01
  0.18974302E+01 -0.31401116E+01
  0.19074912E+01 -0.30831200E+01
  0.19175522E+01 -0.30256319E+01
  0.19276132E+01 -0.29676638E+01
  0.19376741E+01 -0.29092317E+01
  0.19477351E+01 -0.28503514E+01
  0.19577961E+01 -0.27910380E+01
  0.19678571E+01 -0.27313064E+01
  0.19779181E+01 -0.26711705E+01
  0.19879790E+01 -0.26106436E+01
  0.19980400E+01 -0.25497384E+01
  0.20081010E+01 -0.24884666E+01
  0.20181620E+01 -0.24268389E+01
  0.20282230E+01 -0.23648651E+01
  0.20382840E+01 -0.23025541E+01
  0.20483449E+01 -0.22399137E+01
  0.20584059E+01 -0.21769505E+01
  0.20684669E+01 -0.21136700E+01
  0.20785279E+01 -0.20500767E+01
  0.20885889E+01 -0.19861737E+01
  0.20986499E+01 -0.19219629E+01
  0.21087108E+01 -0.18574448E+01
  0.21187718E+01 -0.17926190E+01
  0.21288328E+01 -0.17274832E+01
  0.21388938E+01 -0.16620343E+01
  0.21489548E+01 -0.15962676E+01
  0.21590158E+01 -0.15301770E+01
  0.21690674E+01 -0.15509895E+01
  0.21791190E+01 -0.15715606E+01
  0.21891707E+01 -0.15918872E+01
  0.21992223E+01 -0.16119658E+01
  0.22092740E+01 -0.16317925E+01
  0.22193256E+01 -0.16513632E+01
  0.22293772E+01 -0.16706727E+01
  0.22394289E+01 -0.16897154E+01
  0.22494805E+01 -0.17084846E+01
  0.22595322E+01 -0.17269728E+01
  0.22695838E+01 -0.17451715E+01
  0.22796354E+01 -0.17630713E+01
  0.22896871E+01 -0.17806620E+01
  0.22997387E+01 -0.17979325E+01
  0.23097903E+01 -0.18148710E+01
  0.23198420E+01 -0.18314648E+01
  0.23298936E+01 -0.18477012E+01
  0.23399453E+01 -0.18635666E+01
  0.23499969E+01 -0.18790477E+01
  0.23600485E+01 -0.18941308E+01
  0.23701002E+01 -0.19088026E+01
  0.23801518E+01 -0.19230500E+01
  0.23902035E+01 -0.19368606E+01
  0.24002551E+01 -0.19502226E+01
  0.24103067E+01 -0.19631253E+01
  0.24203584E+01 -0.19755589E+01
  0.24304100E+01 -0.19875151E+01
  0.24404617E+01 -0.19989868E+01
  0.24505133E+01 -0.20099686E+01
  0.24605649E+01 -0.20204566E+01
  0.24706166E+01 -0.20304486E+01
  0.24806682E+01 -0.20399443E+01
  0.24907198E+01 -0.20489451E+01
  0.25007715E+01 -0.20574540E+01
  0.25108231E+01 -0.20654760E+01
  0.25208748E+01 -0.20730175E+01
  0.25309264E+01 -0.20800865E+01
  0.25409780E+01 -0.20866924E+01
  0.25510297E+01 -0.20928458E+01
  0.25610813E+01 -0.20985584E+01
  0.25711330E+01 -0.21038427E+01
  0.25811846E+01 -0.21087118E+01
  0.25912362E+01 -0.21131792E+01
  0.26012879E+01 -0.21172586E+01
  0.26113395E+01 -0.21209635E+01
  0.26213912E+01 -0.21243070E+01
  0.26314428E+01 -0.21273020E+01
  0.26414944E+01 -0.21299601E+01
  0.26515461E+01 -0.21322922E+01
  0.26615977E+01 -0.21343081E+01
  0.26716493E+01 -0.21360160E+01
  0.26817010E+01 -0.21374229E+01
  0.26917526E+01 -0.21385342E+01
  0.27018043E+01 -0.21393535E+01
  0.27118559E+01 -0.21398830E+01
  0.27219075E+01 -0.21401231E+01
  0.27319592E+01 -0.21400729E+01
  0.27420108E+01 -0.21397296E+01
  0.27520625E+01 -0.21390894E+01
  0.27621141E+01 -0.21381469E+01
  0.27721657E+01 -0.21368960E+01
  0.27822174E+01 -0.21353293E+01
  0.27922690E+01 -0.21334390E+01
  0.28023207E+01 -0.21312167E+01
  0.28123723E+01 -0.21286538E+01
  0.28224239E+01 -0.21257416E+01
  0.28324756E+01 -0.21224716E+01
  0.28425272E+01 -0.21188357E+01
  0.28525788E+01 -0.21148264E+01
  0.28626305E+01 -0.21104368E+01
  0.28726821E+01 -0.21056612E+01
  0.28827338E+01 -0.21004947E+01
  0.28927854E+01 -0.20949337E+01
  0.29028370E+01 -0.20889756E+01
  0.29128887E+01 -0.20826191E+01
  0.29229403E+01 -0.20758643E+01
  0.29329920E+01 -0.20687122E+01
  0.29430436E+01 -0.20611652E+01
  0.29530952E+01 -0.20532268E+01
  0.29631469E+01 -0.20449010E+01
  0.29731985E+01 -0.20361932E+01
  0.29832502E+01 -0.20271090E+01
  0.29933018E+01 -0.20176548E+01
  0.30033534E+01 -0.20078370E+01
  0.30134051E+01 -0.19976625E+01
  0.30234567E+01 -0.19871378E+01
  0.30335083E+01 -0.19762695E+01
  0.30435600E+01 -0.19650637E+01
  0.30536116E+01 -0.19535259E+01
  0.30636633E+01 -0.19416610E+01
  0.30737149E+01 -0.19294733E+01
  0.30837739E+01 -0.19576847E+01
  0.30938329E+01 -0.19870538E+01
  0.31038919E+01 -0.20175737E+01
  0.31139509E+01 -0.20492341E+01
  0.31240099E+01 -0.20820204E+01
  0.31340689E+01 -0.21159146E+01
  0.31441279E+01 -0.21508942E+01
  0.31541869E+01 -0.21869324E+01
  0.31642459E+01 -0.22239983E+01
  0.31743049E+01 -0.22620566E+01
  0.31843639E+01 -0.23010675E+01
  0.31944229E+01 -0.23409875E+01
  0.32044819E+01 -0.23817689E+01
  0.32145409E+01 -0.24233604E+01
  0.32245999E+01 -0.24657079E+01
  0.32346589E+01 -0.25087541E+01
  0.32447179E+01 -0.25524399E+01
  0.32547769E+01 -0.25967043E+01
  0.32648359E+01 -0.26414857E+01
  0.32748948E+01 -0.26867219E+01
  0.32849538E+01 -0.27323513E+01
  0.32950128E+01 -0.27783133E+01
  0.33050718E+01 -0.28245490E+01
  0.33151308E+01 -0.28710017E+01
  0.33251898E+01 -0.29176175E+01
  0.33352488E+01 -0.29643461E+01
  0.33453078E+01 -0.30111404E+01
  0.33553668E+01 -0.30579576E+01
  0.33654258E+01 -0.31047590E+01
  0.33754848E+01 -0.31515099E+01
  0.33855438E+01 -0.31981802E+01
  0.33956028E+01 -0.32447437E+01
  0.34056618E+01 -0.32911783E+01
  0.34157208E+01 -0.33374657E+01
  0.34257798E+01 -0.33835908E+01
  0.34358388E+01 -0.34295418E+01
  0.34458978E+01 -0.34753093E+01
  0.34559568E+01 -0.35208860E+01
  0.34660158E+01 -0.35662665E+01
  0.34760748E+01 -0.36114463E+01
  0.34861338E+01 -0.36564219E+01
  0.34961928E+01 -0.37011896E+01
  0.35062518E+01 -0.37457460E+01
  0.35163108E+01 -0.37900868E+01
  0.35263698E+01 -0.38342067E+01
  0.35364288E+01 -0.38780995E+01
  0.35464878E+01 -0.39217573E+01
  0.35565468E+01 -0.39651706E+01
  0.35666058E+01 -0.40083281E+01
  0.35766648E+01 -0.40512169E+01
  0.35867238E+01 -0.40938222E+01
  0.35967828E+01 -0.41361275E+01
  0.36068418E+01 -0.41781149E+01
  0.36169008E+01 -0.42197650E+01
  0.36269598E+01 -0.42610573E+01
  0.36370188E+01 -0.43019704E+01
  0.36470777E+01 -0.43424824E+01
  0.36571367E+01 -0.43825710E+01
  0.36671957E+01 -0.44222141E+01
  0.36772547E+01 -0.44613898E+01
  0.36873137E+01 -0.45000769E+01
  0.36973727E+01 -0.45382551E+01
  0.37074317E+01 -0.45759056E+01
  0.37174907E+01 -0.46130105E+01
  0.37275497E+01 -0.46495541E+01
  0.37376087E+01 -0.46855220E+01
  0.37476677E+01 -0.47209022E+01
  0.37577267E+01 -0.47556841E+01
  0.37677857E+01 -0.47898595E+01
  0.37778447E+01 -0.48234219E+01
  0.37879037E+01 -0.48563668E+01
  0.37979627E+01 -0.48886913E+01
  0.38080217E+01 -0.49203941E+01
  0.38180807E+01 -0.49514755E+01
  0.38281397E+01 -0.49819366E+01
  0.38381987E+01 -0.50117798E+01
  0.38482577E+01 -0.50410081E+01
  0.38583167E+01 -0.50696248E+01
  0.38683757E+01 -0.50976336E+01
  0.38784347E+01 -0.51250382E+01
  0.38884937E+01 -0.51518419E+01
  0.38985527E+01 -0.51780477E+01
  0.39086117E+01 -0.52036578E+01
  0.39186707E+01 -0.52286737E+01
  0.39287297E+01 -0.52530962E+01
  0.39387887E+01 -0.52769249E+01
  0.39488477E+01 -0.53001584E+01
  0.39589067E+01 -0.53227944E+01
  0.39689657E+01 -0.53448294E+01
  0.39790247E+01 -0.53662591E+01
  0.39890837E+01 -0.53870783E+01
  0.39991427E+01 -0.54072811E+01
  0.40092017E+01 -0.54268610E+01
  0.40192606E+01 -0.54458109E+01
  0.40293196E+01 -0.54641236E+01
  0.40393786E+01 -0.54817916E+01
  0.40494376E+01 -0.54988078E+01
  0.40594966E+01 -0.55151651E+01
  0.40695556E+01 -0.55308569E+01
  0.40796146E+01 -0.55458770E+01
  0.40896736E+01 -0.55602203E+01
  0.40997326E+01 -0.55738823E+01
  0.41097916E+01 -0.55868593E+01
  0.41198506E+01 -0.55991488E+01
  0.41299096E+01 -0.56107493E+01
  0.41399686E+01 -0.56216604E+01
  0.41500276E+01 -0.56318824E+01
  0.41600866E+01 -0.56414170E+01
  0.41701456E+01 -0.56502664E+01
  0.41802046E+01 -0.56584338E+01
  0.41902636E+01 -0.56659230E+01
  0.42003226E+01 -0.56727383E+01
  0.42103816E+01 -0.56788845E+01
  0.42204406E+01 -0.56843664E+01
  0.42304996E+01 -0.56891890E+01
  0.42405586E+01 -0.56933571E+01
  0.42506176E+01 -0.56968752E+01
  0.42606766E+01 -0.56997476E+01
  0.42707356E+01 -0.57019777E+01
  0.42807946E+01 -0.57035685E+01
  0.42908536E+01 -0.57045221E+01
  0.43009126E+01 -0.57048398E+01
  
  0.00000000E+00 -0.75972309E+00
  0.10020027E-01 -0.75768007E+00
  0.20040054E-01 -0.75156293E+00
  0.30060081E-01 -0.74140696E+00
  0.40080108E-01 -0.72726950E+00
  0.50100135E-01 -0.70922784E+00
  0.60120162E-01 -0.68737658E+00
  0.70140189E-01 -0.66182461E+00
  0.80160216E-01 -0.63269192E+00
  0.90180243E-01 -0.60010655E+00
  0.10020027E+00 -0.56420166E+00
  0.11022030E+00 -0.52511297E+00
  0.12024032E+00 -0.48297669E+00
  0.13026035E+00 -0.43792774E+00
  0.14028038E+00 -0.39009850E+00
  0.15030041E+00 -0.33961796E+00
  0.16032043E+00 -0.28661111E+00
  0.17034046E+00 -0.23119877E+00
  0.18036049E+00 -0.17349752E+00
  0.19038051E+00 -0.11361987E+00
  0.20040054E+00 -0.51674545E-01
  0.21042057E+00  0.12233171E-01
  0.22044059E+00  0.78001049E-01
  0.23046062E+00  0.14552952E+00
  0.24048065E+00  0.21472131E+00
  0.25050068E+00  0.28548111E+00
  0.26052070E+00  0.35771531E+00
  0.27054073E+00  0.43133182E+00
  0.28056076E+00  0.50623994E+00
  0.29058078E+00  0.58235032E+00
  0.30060081E+00  0.65957506E+00
  0.31062084E+00  0.73782779E+00
  0.32064086E+00  0.81702393E+00
  0.33066089E+00  0.89708102E+00
  0.34068092E+00  0.97791905E+00
  0.35070095E+00  0.10594609E+01
  0.36072097E+00  0.11416329E+01
  0.37074100E+00  0.12243654E+01
  0.38076103E+00  0.13075932E+01
  0.39078105E+00  0.13912561E+01
  0.40080108E+00  0.14752998E+01
  0.41082111E+00  0.15596763E+01
  0.42084114E+00  0.16443444E+01
  0.43086116E+00  0.17292702E+01
  0.44088119E+00  0.18144277E+01
  0.45090122E+00  0.18997990E+01
  0.46092124E+00  0.19853745E+01
  0.47094127E+00  0.20711534E+01
  0.48096130E+00  0.21571434E+01
  0.49098132E+00  0.22433606E+01
  0.50100135E+00  0.23298293E+01
  0.51102138E+00  0.24165817E+01
  0.52104141E+00  0.25036572E+01
  0.53106143E+00  0.25911013E+01
  0.54108146E+00  0.26789652E+01
  0.55110149E+00  0.27673046E+01
  0.56112151E+00  0.28561779E+01
  0.57114154E+00  0.29456455E+01
  0.58116157E+00  0.30357676E+01
  0.59118159E+00  0.31266032E+01
  0.60120162E+00  0.32182074E+01
  0.61122165E+00  0.33106304E+01
  0.62124168E+00  0.34039150E+01
  0.63126170E+00  0.34980949E+01
  0.64128173E+00  0.35931924E+01
  0.65130176E+00  0.36892171E+01
  0.66132178E+00  0.37861632E+01
  0.67134181E+00  0.38840084E+01
  0.68136184E+00  0.39827120E+01
  0.69138186E+00  0.40822132E+01
  0.70140189E+00  0.41824303E+01
  0.71142192E+00  0.42832591E+01
  0.72144195E+00  0.43845726E+01
  0.73146197E+00  0.44862200E+01
  0.74148200E+00  0.45880268E+01
  0.75150203E+00  0.46897946E+01
  0.76152205E+00  0.47913019E+01
  0.77154208E+00  0.48923045E+01
  0.78156211E+00  0.49925367E+01
  0.79158214E+00  0.50917126E+01
  0.80160216E+00  0.51895282E+01
  0.81162219E+00  0.52856631E+01
  0.82164222E+00  0.53797829E+01
  0.83166224E+00  0.54715422E+01
  0.84168227E+00  0.55605869E+01
  0.85170230E+00  0.56465578E+01
  0.86172232E+00  0.57290937E+01
  0.87174235E+00  0.58078347E+01
  0.88176238E+00  0.58824257E+01
  0.89178241E+00  0.59525200E+01
  0.90180243E+00  0.60177830E+01
  0.91182246E+00  0.60778953E+01
  0.92184249E+00  0.61325562E+01
  0.93186251E+00  0.61814873E+01
  0.94188254E+00  0.62244349E+01
  0.95190257E+00  0.62611731E+01
  0.96192259E+00  0.62915064E+01
  0.97194262E+00  0.63152717E+01
  0.98196265E+00  0.63323402E+01
  0.99198268E+00  0.63426188E+01
  0.10020027E+01  0.63460513E+01
  0.10120637E+01  0.63440490E+01
  0.10221247E+01  0.63380480E+01
  0.10321857E+01  0.63280668E+01
  0.10422466E+01  0.63141356E+01
  0.10523076E+01  0.62962967E+01
  0.10623686E+01  0.62746038E+01
  0.10724296E+01  0.62491219E+01
  0.10824906E+01  0.62199267E+01
  0.10925516E+01  0.61871042E+01
  0.11026125E+01  0.61507501E+01
  0.11126735E+01  0.61109692E+01
  0.11227345E+01  0.60678748E+01
  0.11327955E+01  0.60215880E+01
  0.11428565E+01  0.59722371E+01
  0.11529174E+01  0.59199567E+01
  0.11629784E+01  0.58648871E+01
  0.11730394E+01  0.58071736E+01
  0.11831004E+01  0.57469656E+01
  0.11931614E+01  0.56844160E+01
  0.12032224E+01  0.56196805E+01
  0.12132833E+01  0.55529165E+01
  0.12233443E+01  0.54842828E+01
  0.12334053E+01  0.54139388E+01
  0.12434663E+01  0.53420433E+01
  0.12535273E+01  0.52687545E+01
  0.12635883E+01  0.51942284E+01
  0.12736492E+01  0.51186188E+01
  0.12837102E+01  0.50420762E+01
  0.12937712E+01  0.49647469E+01
  0.13038322E+01  0.48867728E+01
  0.13138932E+01  0.48082900E+01
  0.13239542E+01  0.47294285E+01
  0.13340151E+01  0.46503114E+01
  0.13440761E+01  0.45710542E+01
  0.13541371E+01  0.44917641E+01
  0.13641981E+01  0.44125394E+01
  0.13742591E+01  0.43334690E+01
  0.13843201E+01  0.42546319E+01
  0.13943810E+01  0.41760966E+01
  0.14044420E+01  0.40979212E+01
  0.14145030E+01  0.40201526E+01
  0.14245640E+01  0.39428269E+01
  0.14346250E+01  0.38659689E+01
  0.14446860E+01  0.37895927E+01
  0.14547469E+01  0.37137015E+01
  0.14648079E+01  0.36382883E+01
  0.14748689E+01  0.35633360E+01
  0.14849299E+01  0.34888184E+01
  0.14949909E+01  0.34147009E+01
  0.15050519E+01  0.33409409E+01
  0.15151128E+01  0.32674894E+01
  0.15251738E+01  0.31942914E+01
  0.15352348E+01  0.31212876E+01
  0.15452958E+01  0.30484150E+01
  0.15553568E+01  0.29756086E+01
  0.15654178E+01  0.29028021E+01
  0.15754787E+01  0.28299298E+01
  0.15855397E+01  0.27569270E+01
  0.15956007E+01  0.26837318E+01
  0.16056617E+01  0.26102856E+01
  0.16157227E+01  0.25365347E+01
  0.16257837E+01  0.24624306E+01
  0.16358446E+01  0.23879314E+01
  0.16459056E+01  0.23130017E+01
  0.16559666E+01  0.22376140E+01
  0.16660276E+01  0.21617482E+01
  0.16760886E+01  0.20853924E+01
  0.16861496E+01  0.20085429E+01
  0.16962105E+01  0.19312039E+01
  0.17062715E+01  0.18533876E+01
  0.17163325E+01  0.17751137E+01
  0.17263935E+01  0.16964089E+01
  0.17364545E+01  0.16173065E+01
  0.17465155E+01  0.15378457E+01
  0.17565764E+01  0.14580709E+01
  0.17666374E+01  0.13780308E+01
  0.17766984E+01  0.12977778E+01
  0.17867594E+01  0.12173669E+01
  0.17968204E+01  0.11368549E+01
  0.18068814E+01  0.10562998E+01
  0.18169423E+01  0.97575974E+00
  0.18270033E+01  0.89529216E+00
  0.18370643E+01  0.81495329E+00
  0.18471253E+01  0.73479732E+00
  0.18571863E+01  0.65487585E+00
  0.18672473E+01  0.57523737E+00
  0.18773082E+01  0.49592679E+00
  0.18873692E+01  0.41698513E+00
  0.18974302E+01  0.33844917E+00
  0.19074912E+01  0.26035137E+00
  0.19175522E+01  0.18271968E+00
  0.19276132E+01  0.10557755E+00
  0.19376741E+01  0.28943979E-01
  0.19477351E+01 -0.47166380E-01
  0.19577961E+01 -0.12274303E+00
  0.19678571E+01 -0.19777944E+00
  0.19779181E+01 -0.27227271E+00
  0.19879790E+01 -0.34622334E+00
  0.19980400E+01 -0.41963486E+00
  0.20081010E+01 -0.49251347E+00
  0.20181620E+01 -0.56486773E+00
  0.20282230E+01 -0.63670812E+00
  0.20382840E+01 -0.70804676E+00
  0.20483449E+01 -0.77889700E+00
  0.20584059E+01 -0.84927311E+00
  0.20684669E+01 -0.91918993E+00
  0.20785279E+01 -0.98866263E+00
  0.20885889E+01 -0.10577064E+01
  0.20986499E+01 -0.11263361E+01
  0.21087108E+01 -0.11945662E+01
  0.21187718E+01 -0.12624107E+01
  0.21288328E+01 -0.13298825E+01
  0.21388938E+01 -0.13969936E+01
  0.21489548E+01 -0.14637552E+01
  0.21590158E+01 -0.15301770E+01
  0.21690674E+01 -0.15091263E+01
  0.21791190E+01 -0.14878408E+01
  0.21891707E+01 -0.14663245E+01
  0.21992223E+01 -0.14445818E+01
  0.22092740E+01 -0.14226184E+01
  0.22193256E+01 -0.14004409E+01
  0.22293772E+01 -0.13780573E+01
  0.22394289E+01 -0.13554775E+01
  0.22494805E+01 -0.13327132E+01
  0.22595322E+01 -0.13097780E+01
  0.22695838E+01 -0.12866881E+01
  0.22796354E+01 -0.12634619E+01
  0.22896871E+01 -0.12401205E+01
  0.22997387E+01 -0.12166876E+01
  0.23097903E+01 -0.11931897E+01
  0.23198420E+01 -0.11696558E+01
  0.23298936E+01 -0.11461178E+01
  0.23399453E+01 -0.11226102E+01
  0.23499969E+01 -0.10991700E+01
  0.23600485E+01 -0.10758364E+01
  0.23701002E+01 -0.10526509E+01
  0.23801518E+01 -0.10296568E+01
  0.23902035E+01 -0.10068988E+01
  0.24002551E+01 -0.98442301E+00
  0.24103067E+01 -0.96227640E+00
  0.24203584E+01 -0.94050634E+00
  0.24304100E+01 -0.91916027E+00
  0.24404617E+01 -0.89828526E+00
  0.24505133E+01 -0.87792760E+00
  0.24605649E+01 -0.85813234E+00
  0.24706166E+01 -0.83894287E+00
  0.24806682E+01 -0.82040055E+00
  0.24907198E+01 -0.80254433E+00
  0.25007715E+01 -0.78541039E+00
  0.25108231E+01 -0.76903186E+00
  0.25208748E+01 -0.75343857E+00
  0.25309264E+01 -0.73865685E+00
  0.25409780E+01 -0.72470937E+00
  0.25510297E+01 -0.71161508E+00
  0.25610813E+01 -0.69938913E+00
  0.25711330E+01 -0.68804296E+00
  0.25811846E+01 -0.67758428E+00
  0.25912362E+01 -0.66801729E+00
  0.26012879E+01 -0.65934276E+00
  0.26113395E+01 -0.65155826E+00
  0.26213912E+01 -0.64465840E+00
  0.26314428E+01 -0.63863503E+00
  0.26414944E+01 -0.63347755E+00
  0.26515461E+01 -0.62917312E+00
  0.26615977E+01 -0.62570696E+00
  0.26716493E+01 -0.62306257E+00
  0.26817010E+01 -0.62122199E+00
  0.26917526E+01 -0.62016603E+00
  0.27018043E+01 -0.61987444E+00
  0.27118559E+01 -0.62032611E+00
  0.27219075E+01 -0.62149924E+00
  0.27319592E+01 -0.62337142E+00
  0.27420108E+01 -0.62591982E+00
  0.27520625E+01 -0.62912123E+00
  0.27621141E+01 -0.63295217E+00
  0.27721657E+01 -0.63738891E+00
  0.27822174E+01 -0.64240762E+00
  0.27922690E+01 -0.64798430E+00
  0.28023207E+01 -0.65409492E+00
  0.28123723E+01 -0.66071544E+00
  0.28224239E+01 -0.66782183E+00
  0.28324756E+01 -0.67539013E+00
  0.28425272E+01 -0.68339654E+00
  0.28525788E+01 -0.69181743E+00
  0.28626305E+01 -0.70062940E+00
  0.28726821E+01 -0.70980940E+00
  0.28827338E+01 -0.71933473E+00
  0.28927854E+01 -0.72918316E+00
  0.29028370E+01 -0.73933300E+00
  0.29128887E+01 -0.74976313E+00
  0.29229403E+01 -0.76045313E+00
  0.29329920E+01 -0.77138333E+00
  0.29430436E+01 -0.78253487E+00
  0.29530952E+01 -0.79388977E+00
  0.29631469E+01 -0.80543099E+00
  0.29731985E+01 -0.81714249E+00
  0.29832502E+01 -0.82900929E+00
  0.29933018E+01 -0.84101749E+00
  0.30033534E+01 -0.85315433E+00
  0.30134051E+01 -0.86540820E+00
  0.30234567E+01 -0.87776872E+00
  0.30335083E+01 -0.89022669E+00
  0.30435600E+01 -0.90277421E+00
  0.30536116E+01 -0.91540460E+00
  0.30636633E+01 -0.92811250E+00
  0.30737149E+01 -0.94089383E+00
  0.30837739E+01 -0.91186654E+00
  0.30938329E+01 -0.88213724E+00
  0.31038919E+01 -0.85169201E+00
  0.31139509E+01 -0.82051632E+00
  0.31240099E+01 -0.78859550E+00
  0.31340689E+01 -0.75591523E+00
  0.31441279E+01 -0.72246203E+00
  0.31541869E+01 -0.68822373E+00
  0.31642459E+01 -0.65318999E+00
  0.31743049E+01 -0.61735271E+00
  0.31843639E+01 -0.58070648E+00
  0.31944229E+01 -0.54324888E+00
  0.32044819E+01 -0.50498082E+00
  0.32145409E+01 -0.46590670E+00
  0.32245999E+01 -0.42603456E+00
  0.32346589E+01 -0.38537613E+00
  0.32447179E+01 -0.34394669E+00
  0.32547769E+01 -0.30176498E+00
  0.32648359E+01 -0.25885289E+00
  0.32748948E+01 -0.21523513E+00
  0.32849538E+01 -0.17093873E+00
  0.32950128E+01 -0.12599258E+00
  0.33050718E+01 -0.80426744E-01
  0.33151308E+01 -0.34271886E-01
  0.33251898E+01  0.12441488E-01
  0.33352488E+01  0.59683734E-01
  0.33453078E+01  0.10742681E+00
  0.33553668E+01  0.15564500E+00
  0.33654258E+01  0.20431560E+00
  0.33754848E+01  0.25341960E+00
  0.33855438E+01  0.30294221E+00
  0.33956028E+01  0.35287341E+00
  0.34056618E+01  0.40320834E+00
  0.34157208E+01  0.45394756E+00
  0.34257798E+01  0.50509727E+00
  0.34358388E+01  0.55666931E+00
  0.34458978E+01  0.60868107E+00
  0.34559568E+01  0.66115529E+00
  0.34660158E+01  0.71411962E+00
  0.34760748E+01  0.76760617E+00
  0.34861338E+01  0.82165089E+00
  0.34961928E+01  0.87629279E+00
  0.35062518E+01  0.93157311E+00
  0.35163108E+01  0.98753446E+00
  0.35263698E+01  0.10442197E+01
  0.35364288E+01  0.11016712E+01
  0.35464878E+01  0.11599295E+01
  0.35565468E+01  0.12190324E+01
  0.35666058E+01  0.12790141E+01
  0.35766648E+01  0.13399040E+01
  0.35867238E+01  0.14017261E+01
  0.35967828E+01  0.14644983E+01
  0.36068418E+01  0.15282315E+01
  0.36169008E+01  0.15929293E+01
  0.36269598E+01  0.16585878E+01
  0.36370188E+01  0.17251951E+01
  0.36470777E+01  0.17927321E+01
  0.36571367E+01  0.18611716E+01
  0.36671957E+01  0.19304798E+01
  0.36772547E+01  0.20006163E+01
  0.36873137E+01  0.20715349E+01
  0.36973727E+01  0.21431847E+01
  0.37074317E+01  0.22155112E+01
  0.37174907E+01  0.22884570E+01
  0.37275497E+01  0.23619638E+01
  0.37376087E+01  0.24359729E+01
  0.37476677E+01  0.25104271E+01
  0.37577267E+01  0.25852721E+01
  0.37677857E+01  0.26604572E+01
  0.37778447E+01  0.27359372E+01
  0.37879037E+01  0.28116730E+01
  0.37979627E+01  0.28876330E+01
  0.38080217E+01  0.29637937E+01
  0.38180807E+01  0.30401400E+01
  0.38281397E+01  0.31166662E+01
  0.38381987E+01  0.31933757E+01
  0.38482577E+01  0.32702810E+01
  0.38583167E+01  0.33474033E+01
  0.38683757E+01  0.34247717E+01
  0.38784347E+01  0.35024225E+01
  0.38884937E+01  0.35803979E+01
  0.38985527E+01  0.36587442E+01
  0.39086117E+01  0.37375107E+01
  0.39186707E+01  0.38167473E+01
  0.39287297E+01  0.38965026E+01
  0.39387887E+01  0.39768215E+01
  0.39488477E+01  0.40577433E+01
  0.39589067E+01  0.41392987E+01
  0.39689657E+01  0.42215080E+01
  0.39790247E+01  0.43043783E+01
  0.39890837E+01  0.43879012E+01
  0.39991427E+01  0.44720512E+01
  0.40092017E+01  0.45567832E+01
  0.40192606E+01  0.46420309E+01
  0.40293196E+01  0.47277054E+01
  0.40393786E+01  0.48136942E+01
  0.40494376E+01  0.48998603E+01
  0.40594966E+01  0.49860417E+01
  0.40695556E+01  0.50720516E+01
  0.40796146E+01  0.51576786E+01
  0.40896736E+01  0.52426879E+01
  0.40997326E+01  0.53268222E+01
  0.41097916E+01  0.54098037E+01
  0.41198506E+01  0.54913357E+01
  0.41299096E+01  0.55711060E+01
  0.41399686E+01  0.56487888E+01
  0.41500276E+01  0.57240483E+01
  0.41600866E+01  0.57965423E+01
  0.41701456E+01  0.58659254E+01
  0.41802046E+01  0.59318530E+01
  0.41902636E+01  0.59939856E+01
  0.42003226E+01  0.60519921E+01
  0.42103816E+01  0.61055543E+01
  0.42204406E+01  0.61543705E+01
  0.42304996E+01  0.61981594E+01
  0.42405586E+01  0.62366635E+01
  0.42506176E+01  0.62696525E+01
  0.42606766E+01  0.62969263E+01
  0.42707356E+01  0.63183172E+01
  0.42807946E+01  0.63336927E+01
  0.42908536E+01  0.63429568E+01
  0.43009126E+01  0.63460513E+01
  
  0.00000000E+00  0.51118611E+01
  0.10020027E-01  0.51120669E+01
  0.20040054E-01  0.51126836E+01
  0.30060081E-01  0.51137085E+01
  0.40080108E-01  0.51151376E+01
  0.50100135E-01  0.51169652E+01
  0.60120162E-01  0.51191843E+01
  0.70140189E-01  0.51217869E+01
  0.80160216E-01  0.51247638E+01
  0.90180243E-01  0.51281053E+01
  0.10020027E+00  0.51318013E+01
  0.11022030E+00  0.51358415E+01
  0.12024032E+00  0.51402158E+01
  0.13026035E+00  0.51449144E+01
  0.14028038E+00  0.51499285E+01
  0.15030041E+00  0.51552499E+01
  0.16032043E+00  0.51608719E+01
  0.17034046E+00  0.51667891E+01
  0.18036049E+00  0.51729976E+01
  0.19038051E+00  0.51794951E+01
  0.20040054E+00  0.51862814E+01
  0.21042057E+00  0.51933577E+01
  0.22044059E+00  0.52007272E+01
  0.23046062E+00  0.52083947E+01
  0.24048065E+00  0.52163667E+01
  0.25050068E+00  0.52246510E+01
  0.26052070E+00  0.52332567E+01
  0.27054073E+00  0.52421940E+01
  0.28056076E+00  0.52514736E+01
  0.29058078E+00  0.52611068E+01
  0.30060081E+00  0.52711051E+01
  0.31062084E+00  0.52814797E+01
  0.32064086E+00  0.52922414E+01
  0.33066089E+00  0.53034000E+01
  0.34068092E+00  0.53149644E+01
  0.35070095E+00  0.53269420E+01
  0.36072097E+00  0.53393386E+01
  0.37074100E+00  0.53521582E+01
  0.38076103E+00  0.53654025E+01
  0.39078105E+00  0.53790714E+01
  0.40080108E+00  0.53931623E+01
  0.41082111E+00  0.54076704E+01
  0.42084114E+00  0.54225885E+01
  0.43086116E+00  0.54379074E+01
  0.44088119E+00  0.54536155E+01
  0.45090122E+00  0.54696996E+01
  0.46092124E+00  0.54861445E+01
  0.47094127E+00  0.55029333E+01
  0.48096130E+00  0.55200482E+01
  0.49098132E+00  0.55374700E+01
  0.50100135E+00  0.55551790E+01
  0.51102138E+00  0.55731550E+01
  0.52104141E+00  0.55913776E+01
  0.53106143E+00  0.56098264E+01
  0.54108146E+00  0.56284815E+01
  0.55110149E+00  0.56473236E+01
  0.56112151E+00  0.56663341E+01
  0.57114154E+00  0.56854951E+01
  0.58116157E+00  0.57047900E+01
  0.59118159E+00  0.57242030E+01
  0.60120162E+00  0.57437196E+01
  0.61122165E+00  0.57633261E+01
  0.62124168E+00  0.57830095E+01
  0.63126170E+00  0.58027578E+01
  0.64128173E+00  0.58225592E+01
  0.65130176E+00  0.58424023E+01
  0.66132178E+00  0.58622755E+01
  0.67134181E+00  0.58821667E+01
  0.68136184E+00  0.59020631E+01
  0.69138186E+00  0.59219508E+01
  0.70140189E+00  0.59418142E+01
  0.71142192E+00  0.59616360E+01
  0.72144195E+00  0.59813965E+01
  0.73146197E+00  0.60010734E+01
  0.74148200E+00  0.60206416E+01
  0.75150203E+00  0.60400730E+01
  0.76152205E+00  0.60593361E+01
  0.77154208E+00  0.60783958E+01
  0.78156211E+00  0.60972139E+01
  0.79158214E+00  0.61157486E+01
  0.80160216E+00  0.61339545E+01
  0.81162219E+00  0.61517835E+01
  0.82164222E+00  0.61691841E+01
  0.83166224E+00  0.61861025E+01
  0.84168227E+00  0.62024826E+01
  0.85170230E+00  0.62182667E+01
  0.86172232E+00  0.62333957E+01
  0.87174235E+00  0.62478100E+01
  0.88176238E+00  0.62614503E+01
  0.89178241E+00  0.62742575E+01
  0.90180243E+00  0.62861744E+01
  0.91182246E+00  0.62971454E+01
  0.92184249E+00  0.63071180E+01
  0.93186251E+00  0.63160431E+01
  0.94188254E+00  0.63238754E+01
  0.95190257E+00  0.63305747E+01
  0.96192259E+00  0.63361058E+01
  0.97194262E+00  0.63404391E+01
  0.98196265E+00  0.63435513E+01
  0.99198268E+00  0.63454254E+01
  0.10020027E+01  0.63460513E+01
  0.10120637E+01  0.63446909E+01
  0.10221247E+01  0.63406159E+01
  0.10321857E+01  0.63338450E+01
  0.10422466E+01  0.63244091E+01
  0.10523076E+01  0.63123510E+01
  0.10623686E+01  0.62977249E+01
  0.10724296E+01  0.62805959E+01
  0.10824906E+01  0.62610391E+01
  0.10925516E+01  0.62391391E+01
  0.11026125E+01  0.62149890E+01
  0.11126735E+01  0.61886894E+01
  0.11227345E+01  0.61603475E+01
  0.11327955E+01  0.61300763E+01
  0.11428565E+01  0.60979931E+01
  0.11529174E+01  0.60642192E+01
  0.11629784E+01  0.60288781E+01
  0.11730394E+01  0.59920953E+01
  0.11831004E+01  0.59539968E+01
  0.11931614E+01  0.59147086E+01
  0.12032224E+01  0.58743558E+01
  0.12132833E+01  0.58330617E+01
  0.12233443E+01  0.57909474E+01
  0.12334053E+01  0.57481311E+01
  0.12434663E+01  0.57047274E+01
  0.12535273E+01  0.56608472E+01
  0.12635883E+01  0.56165969E+01
  0.12736492E+01  0.55720784E+01
  0.12837102E+01  0.55273886E+01
  0.12937712E+01  0.54826195E+01
  0.13038322E+01  0.54378575E+01
  0.13138932E+01  0.53931838E+01
  0.13239542E+01  0.53486740E+01
  0.13340151E+01  0.53043980E+01
  0.13440761E+01  0.52604202E+01
  0.13541371E+01  0.52167991E+01
  0.13641981E+01  0.51735876E+01
  0.13742591E+01  0.51308331E+01
  0.13843201E+01  0.50885769E+01
  0.13943810E+01  0.50468551E+01
  0.14044420E+01  0.50056980E+01
  0.14145030E+01  0.49651306E+01
  0.14245640E+01  0.49251725E+01
  0.14346250E+01  0.48858381E+01
  0.14446860E+01  0.48471367E+01
  0.14547469E+01  0.48090731E+01
  0.14648079E+01  0.47716473E+01
  0.14748689E+01  0.47348552E+01
  0.14849299E+01  0.46986887E+01
  0.14949909E+01  0.46631361E+01
  0.15050519E+01  0.46281829E+01
  0.15151128E+01  0.45938115E+01
  0.15251738E+01  0.45600023E+01
  0.15352348E+01  0.45267339E+01
  0.15452958E+01  0.44939838E+01
  0.15553568E+01  0.44617286E+01
  0.15654178E+01  0.44299448E+01
  0.15754787E+01  0.43986093E+01
  0.15855397E+01  0.43676999E+01
  0.15956007E+01  0.43371955E+01
  0.16056617E+01  0.43070770E+01
  0.16157227E+01  0.42773272E+01
  0.16257837E+01  0.42479317E+01
  0.16358446E+01  0.42188786E+01
  0.16459056E+01  0.41901593E+01
  0.16559666E+01  0.41617681E+01
  0.16660276E+01  0.41337028E+01
  0.16760886E+01  0.41059645E+01
  0.16861496E+01  0.40785574E+01
  0.16962105E+01  0.40514890E+01
  0.17062715E+01  0.40247699E+01
  0.17163325E+01  0.39984130E+01
  0.17263935E+01  0.39724343E+01
  0.17364545E+01  0.39468513E+01
  0.17465155E+01  0.39216838E+01
  0.17565764E+01  0.38969528E+01
  0.17666374E+01  0.38726802E+01
  0.17766984E+01  0.38488887E+01
  0.17867594E+01  0.38256011E+01
  0.17968204E+01  0.38028399E+01
  0.18068814E+01  0.37806271E+01
  0.18169423E+01  0.37589840E+01
  0.18270033E+01  0.37379303E+01
  0.18370643E+01  0.37174844E+01
  0.18471253E+01  0.36976632E+01
  0.18571863E+01  0.36784812E+01
  0.18672473E+01  0.36599513E+01
  0.18773082E+01  0.36420842E+01
  0.18873692E+01  0.36248884E+01
  0.18974302E+01  0.36083702E+01
  0.19074912E+01  0.35925340E+01
  0.19175522E+01  0.35773822E+01
  0.19276132E+01  0.35629151E+01
  0.19376741E+01  0.35491317E+01
  0.19477351E+01  0.35360290E+01
  0.19577961E+01  0.35236030E+01
  0.19678571E+01  0.35118484E+01
  0.19779181E+01  0.35007591E+01
  0.19879790E+01  0.34903280E+01
  0.19980400E+01  0.34805476E+01
  0.20081010E+01  0.34714102E+01
  0.20181620E+01  0.34629076E+01
  0.20282230E+01  0.34550318E+01
  0.20382840E+01  0.34477749E+01
  0.20483449E+01  0.34411292E+01
  0.20584059E+01  0.34350873E+01
  0.20684669E+01  0.34296425E+01
  0.20785279E+01  0.34247884E+01
  0.20885889E+01  0.34205192E+01
  0.20986499E+01  0.34168297E+01
  0.21087108E+01  0.34137156E+01
  0.21187718E+01  0.34111728E+01
  0.21288328E+01  0.34091984E+01
  0.21388938E+01  0.34077898E+01
  0.21489548E+01  0.34069454E+01
  0.21590158E+01  0.34066640E+01
  0.21690674E+01  0.34057802E+01
  0.21791190E+01  0.34031115E+01
  0.21891707E+01  0.33986384E+01
  0.21992223E+01  0.33923501E+01
  0.22092740E+01  0.33842443E+01
  0.22193256E+01  0.33743275E+01
  0.22293772E+01  0.33626151E+01
  0.22394289E+01  0.33491307E+01
  0.22494805E+01  0.33339064E+01
  0.22595322E+01  0.33169827E+01
  0.22695838E+01  0.32984077E+01
  0.22796354E+01  0.32782370E+01
  0.22896871E+01  0.32565334E+01
  0.22997387E+01  0.32333662E+01
  0.23097903E+01  0.32088108E+01
  0.23198420E+01  0.31829480E+01
  0.23298936E+01  0.31558635E+01
  0.23399453E+01  0.31276473E+01
  0.23499969E+01  0.30983929E+01
  0.23600485E+01  0.30681968E+01
  0.23701002E+01  0.30371575E+01
  0.23801518E+01  0.30053752E+01
  0.23902035E+01  0.29729508E+01
  0.24002551E+01  0.29399853E+01
  0.24103067E+01  0.29065792E+01
  0.24203584E+01  0.28728320E+01
  0.24304100E+01  0.28388410E+01
  0.24404617E+01  0.28047015E+01
  0.24505133E+01  0.27705056E+01
  0.24605649E+01  0.27363423E+01
  0.24706166E+01  0.27022966E+01
  0.24806682E+01  0.26684490E+01
  0.24907198E+01  0.26348759E+01
  0.25007715E+01  0.26016484E+01
  0.25108231E+01  0.25688327E+01
  0.25208748E+01  0.25364897E+01
  0.25309264E+01  0.25046749E+01
  0.25409780E+01  0.24734384E+01
  0.25510297E+01  0.24428247E+01
  0.25610813E+01  0.24128731E+01
  0.25711330E+01  0.23836176E+01
  0.25811846E+01  0.23550871E+01
  0.25912362E+01  0.23273055E+01
  0.26012879E+01  0.23002921E+01
  0.26113395E+01  0.22740619E+01
  0.26213912E+01  0.22486256E+01
  0.26314428E+01  0.22239904E+01
  0.26414944E+01  0.22001600E+01
  0.26515461E+01  0.21771351E+01
  0.26615977E+01  0.21549138E+01
  0.26716493E+01  0.21334920E+01
  0.26817010E+01  0.21128636E+01
  0.26917526E+01  0.20930210E+01
  0.27018043E+01  0.20739557E+01
  0.27118559E+01  0.20556580E+01
  0.27219075E+01  0.20381181E+01
  0.27319592E+01  0.20213256E+01
  0.27420108E+01  0.20052705E+01
  0.27520625E+01  0.19899430E+01
  0.27621141E+01  0.19753337E+01
  0.27721657E+01  0.19614339E+01
  0.27822174E+01  0.19482358E+01
  0.27922690E+01  0.19357326E+01
  0.28023207E+01  0.19239182E+01
  0.28123723E+01  0.19127879E+01
  0.28224239E+01  0.19023380E+01
  0.28324756E+01  0.18925658E+01
  0.28425272E+01  0.18834697E+01
  0.28525788E+01  0.18750495E+01
  0.28626305E+01  0.18673057E+01
  0.28726821E+01  0.18602398E+01
  0.28827338E+01  0.18538545E+01
  0.28927854E+01  0.18481533E+01
  0.29028370E+01  0.18431405E+01
  0.29128887E+01  0.18388212E+01
  0.29229403E+01  0.18352013E+01
  0.29329920E+01  0.18322873E+01
  0.29430436E+01  0.18300866E+01
  0.29530952E+01  0.18286069E+01
  0.29631469E+01  0.18278568E+01
  0.29731985E+01  0.18278452E+01
  0.29832502E+01  0.18285818E+01
  0.29933018E+01  0.18300764E+01
  0.30033534E+01  0.18323397E+01
  0.30134051E+01  0.18353825E+01
  0.30234567E+01  0.18392161E+01
  0.30335083E+01  0.18438522E+01
  0.30435600E+01  0.18493026E+01
  0.30536116E+01  0.18555792E+01
  0.30636633E+01  0.18626943E+01
  0.30737149E+01  0.18706601E+01
  0.30837739E+01  0.18528931E+01
  0.30938329E+01  0.18371342E+01
  0.31038919E+01  0.18233386E+01
  0.31139509E+01  0.18114620E+01
  0.31240099E+01  0.18014609E+01
  0.31340689E+01  0.17932940E+01
  0.31441279E+01  0.17869221E+01
  0.31541869E+01  0.17823086E+01
  0.31642459E+01  0.17794201E+01
  0.31743049E+01  0.17782260E+01
  0.31843639E+01  0.17786982E+01
  0.31944229E+01  0.17808115E+01
  0.32044819E+01  0.17845427E+01
  0.32145409E+01  0.17898706E+01
  0.32245999E+01  0.17967753E+01
  0.32346589E+01  0.18052379E+01
  0.32447179E+01  0.18152403E+01
  0.32547769E+01  0.18267640E+01
  0.32648359E+01  0.18397908E+01
  0.32748948E+01  0.18543015E+01
  0.32849538E+01  0.18702759E+01
  0.32950128E+01  0.18876928E+01
  0.33050718E+01  0.19065295E+01
  0.33151308E+01  0.19267616E+01
  0.33251898E+01  0.19483634E+01
  0.33352488E+01  0.19713070E+01
  0.33453078E+01  0.19955634E+01
  0.33553668E+01  0.20211017E+01
  0.33654258E+01  0.20478898E+01
  0.33754848E+01  0.20758941E+01
  0.33855438E+01  0.21050803E+01
  0.33956028E+01  0.21354132E+01
  0.34056618E+01  0.21668572E+01
  0.34157208E+01  0.21993766E+01
  0.34257798E+01  0.22329357E+01
  0.34358388E+01  0.22674997E+01
  0.34458978E+01  0.23030343E+01
  0.34559568E+01  0.23395065E+01
  0.34660158E+01  0.23768849E+01
  0.34760748E+01  0.24151398E+01
  0.34861338E+01  0.24542437E+01
  0.34961928E+01  0.24941713E+01
  0.35062518E+01  0.25348999E+01
  0.35163108E+01  0.25764092E+01
  0.35263698E+01  0.26186819E+01
  0.35364288E+01  0.26617035E+01
  0.35464878E+01  0.27054622E+01
  0.35565468E+01  0.27499488E+01
  0.35666058E+01  0.27951570E+01
  0.35766648E+01  0.28410826E+01
  0.35867238E+01  0.28877239E+01
  0.35967828E+01  0.29350811E+01
  0.36068418E+01  0.29831560E+01
  0.36169008E+01  0.30319516E+01
  0.36269598E+01  0.30814720E+01
  0.36370188E+01  0.31317218E+01
  0.36470777E+01  0.31827057E+01
  0.36571367E+01  0.32344281E+01
  0.36671957E+01  0.32868928E+01
  0.36772547E+01  0.33401022E+01
  0.36873137E+01  0.33940574E+01
  0.36973727E+01  0.34487576E+01
  0.37074317E+01  0.35041993E+01
  0.37174907E+01  0.35603769E+01
  0.37275497E+01  0.36172815E+01
  0.37376087E+01  0.36749009E+01
  0.37476677E+01  0.37332199E+01
  0.37577267E+01  0.37922191E+01
  0.37677857E+01  0.38518757E+01
  0.37778447E+01  0.39121629E+01
  0.37879037E+01  0.39730498E+01
  0.37979627E+01  0.40345018E+01
  0.38080217E+01  0.40964800E+01
  0.38180807E+01  0.41589419E+01
  0.38281397E+01  0.42218410E+01
  0.38381987E+01  0.42851271E+01
  0.38482577E+01  0.43487465E+01
  0.38583167E+01  0.44126421E+01
  0.38683757E+01  0.44767535E+01
  0.38784347E+01  0.45410175E+01
  0.38884937E+01  0.46053677E+01
  0.38985527E+01  0.46697355E+01
  0.39086117E+01  0.47340497E+01
  0.39186707E+01  0.47982370E+01
  0.39287297E+01  0.48622221E+01
  0.39387887E+01  0.49259279E+01
  0.39488477E+01  0.49892757E+01
  0.39589067E+01  0.50521855E+01
  0.39689657E+01  0.51145758E+01
  0.39790247E+01  0.51763644E+01
  0.39890837E+01  0.52374677E+01
  0.39991427E+01  0.52978018E+01
  0.40092017E+01  0.53572818E+01
  0.40192606E+01  0.54158223E+01
  0.40293196E+01  0.54733376E+01
  0.40393786E+01  0.55297417E+01
  0.40494376E+01  0.55849486E+01
  0.40594966E+01  0.56388721E+01
  0.40695556E+01  0.56914264E+01
  0.40796146E+01  0.57425258E+01
  0.40896736E+01  0.57920855E+01
  0.40997326E+01  0.58400211E+01
  0.41097916E+01  0.58862494E+01
  0.41198506E+01  0.59306883E+01
  0.41299096E+01  0.59732571E+01
  0.41399686E+01  0.60138771E+01
  0.41500276E+01  0.60524714E+01
  0.41600866E+01  0.60889655E+01
  0.41701456E+01  0.61232876E+01
  0.41802046E+01  0.61553690E+01
  0.41902636E+01  0.61851441E+01
  0.42003226E+01  0.62125511E+01
  0.42103816E+01  0.62375324E+01
  0.42204406E+01  0.62600345E+01
  0.42304996E+01  0.62800086E+01
  0.42405586E+01  0.62974109E+01
  0.42506176E+01  0.63122027E+01
  0.42606766E+01  0.63243512E+01
  0.42707356E+01  0.63338287E+01
  0.42807946E+01  0.63406139E+01
  0.42908536E+01  0.63446912E+01
  0.43009126E+01  0.63460513E+01
  
  0.00000000E+00  0.51118611E+01
  0.10020027E-01  0.51120669E+01
  0.20040054E-01  0.51126836E+01
  0.30060081E-01  0.51137085E+01
  0.40080108E-01  0.51151376E+01
  0.50100135E-01  0.51169652E+01
  0.60120162E-01  0.51191843E+01
  0.70140189E-01  0.51217869E+01
  0.80160216E-01  0.51247638E+01
  0.90180243E-01  0.51281053E+01
  0.10020027E+00  0.51318013E+01
  0.11022030E+00  0.51358415E+01
  0.12024032E+00  0.51402158E+01
  0.13026035E+00  0.51449144E+01
  0.14028038E+00  0.51499285E+01
  0.15030041E+00  0.51552499E+01
  0.16032043E+00  0.51608719E+01
  0.17034046E+00  0.51667891E+01
  0.18036049E+00  0.51729976E+01
  0.19038051E+00  0.51794951E+01
  0.20040054E+00  0.51862814E+01
  0.21042057E+00  0.51933577E+01
  0.22044059E+00  0.52007272E+01
  0.23046062E+00  0.52083947E+01
  0.24048065E+00  0.52163667E+01
  0.25050068E+00  0.52246510E+01
  0.26052070E+00  0.52332567E+01
  0.27054073E+00  0.52421940E+01
  0.28056076E+00  0.52514736E+01
  0.29058078E+00  0.52611068E+01
  0.30060081E+00  0.52711051E+01
  0.31062084E+00  0.52814797E+01
  0.32064086E+00  0.52922414E+01
  0.33066089E+00  0.53034000E+01
  0.34068092E+00  0.53149644E+01
  0.35070095E+00  0.53269420E+01
  0.36072097E+00  0.53393386E+01
  0.37074100E+00  0.53521582E+01
  0.38076103E+00  0.53654025E+01
  0.39078105E+00  0.53790714E+01
  0.40080108E+00  0.53931623E+01
  0.41082111E+00  0.54076704E+01
  0.42084114E+00  0.54225885E+01
  0.43086116E+00  0.54379074E+01
  0.44088119E+00  0.54536155E+01
  0.45090122E+00  0.54696996E+01
  0.46092124E+00  0.54861445E+01
  0.47094127E+00  0.55029333E+01
  0.48096130E+00  0.55200482E+01
  0.49098132E+00  0.55374700E+01
  0.50100135E+00  0.55551790E+01
  0.51102138E+00  0.55731550E+01
  0.52104141E+00  0.55913776E+01
  0.53106143E+00  0.56098264E+01
  0.54108146E+00  0.56284815E+01
  0.55110149E+00  0.56473236E+01
  0.56112151E+00  0.56663341E+01
  0.57114154E+00  0.56854951E+01
  0.58116157E+00  0.57047900E+01
  0.59118159E+00  0.57242030E+01
  0.60120162E+00  0.57437196E+01
  0.61122165E+00  0.57633261E+01
  0.62124168E+00  0.57830095E+01
  0.63126170E+00  0.58027578E+01
  0.64128173E+00  0.58225592E+01
  0.65130176E+00  0.58424023E+01
  0.66132178E+00  0.58622755E+01
  0.67134181E+00  0.58821667E+01
  0.68136184E+00  0.59020631E+01
  0.69138186E+00  0.59219508E+01
  0.70140189E+00  0.59418142E+01
  0.71142192E+00  0.59616360E+01
  0.72144195E+00  0.59813965E+01
  0.73146197E+00  0.60010734E+01
  0.74148200E+00  0.60206416E+01
  0.75150203E+00  0.60400730E+01
  0.76152205E+00  0.60593361E+01
  0.77154208E+00  0.60783958E+01
  0.78156211E+00  0.60972139E+01
  0.79158214E+00  0.61157486E+01
  0.80160216E+00  0.61339545E+01
  0.81162219E+00  0.61517835E+01
  0.82164222E+00  0.61691841E+01
  0.83166224E+00  0.61861025E+01
  0.84168227E+00  0.62024826E+01
  0.85170230E+00  0.62182667E+01
  0.86172232E+00  0.62333957E+01
  0.87174235E+00  0.62478100E+01
  0.88176238E+00  0.62614503E+01
  0.89178241E+00  0.62742575E+01
  0.90180243E+00  0.62861744E+01
  0.91182246E+00  0.62971454E+01
  0.92184249E+00  0.63071180E+01
  0.93186251E+00  0.63160431E+01
  0.94188254E+00  0.63238754E+01
  0.95190257E+00  0.63305747E+01
  0.96192259E+00  0.63361058E+01
  0.97194262E+00  0.63404391E+01
  0.98196265E+00  0.63435513E+01
  0.99198268E+00  0.63454254E+01
  0.10020027E+01  0.63460513E+01
  0.10120637E+01  0.63446909E+01
  0.10221247E+01  0.63406159E+01
  0.10321857E+01  0.63338450E+01
  0.10422466E+01  0.63244091E+01
  0.10523076E+01  0.63123510E+01
  0.10623686E+01  0.62977249E+01
  0.10724296E+01  0.62805959E+01
  0.10824906E+01  0.62610391E+01
  0.10925516E+01  0.62391391E+01
  0.11026125E+01  0.62149890E+01
  0.11126735E+01  0.61886894E+01
  0.11227345E+01  0.61603475E+01
  0.11327955E+01  0.61300763E+01
  0.11428565E+01  0.60979931E+01
  0.11529174E+01  0.60642192E+01
  0.11629784E+01  0.60288781E+01
  0.11730394E+01  0.59920953E+01
  0.11831004E+01  0.59539968E+01
  0.11931614E+01  0.59147086E+01
  0.12032224E+01  0.58743558E+01
  0.12132833E+01  0.58330617E+01
  0.12233443E+01  0.57909474E+01
  0.12334053E+01  0.57481311E+01
  0.12434663E+01  0.57047274E+01
  0.12535273E+01  0.56608472E+01
  0.12635883E+01  0.56165969E+01
  0.12736492E+01  0.55720784E+01
  0.12837102E+01  0.55273886E+01
  0.12937712E+01  0.54826195E+01
  0.13038322E+01  0.54378575E+01
  0.13138932E+01  0.53931838E+01
  0.13239542E+01  0.53486740E+01
  0.13340151E+01  0.53043980E+01
  0.13440761E+01  0.52604202E+01
  0.13541371E+01  0.52167991E+01
  0.13641981E+01  0.51735876E+01
  0.13742591E+01  0.51308331E+01
  0.13843201E+01  0.50885769E+01
  0.13943810E+01  0.50468551E+01
  0.14044420E+01  0.50056980E+01
  0.14145030E+01  0.49651306E+01
  0.14245640E+01  0.49251725E+01
  0.14346250E+01  0.48858381E+01
  0.14446860E+01  0.48471367E+01
  0.14547469E+01  0.48090731E+01
  0.14648079E+01  0.47716473E+01
  0.14748689E+01  0.47348552E+01
  0.14849299E+01  0.46986887E+01
  0.14949909E+01  0.46631361E+01
  0.15050519E+01  0.46281829E+01
  0.15151128E+01  0.45938115E+01
  0.15251738E+01  0.45600023E+01
  0.15352348E+01  0.45267339E+01
  0.15452958E+01  0.44939838E+01
  0.15553568E+01  0.44617286E+01
  0.15654178E+01  0.44299448E+01
  0.15754787E+01  0.43986093E+01
  0.15855397E+01  0.43676999E+01
  0.15956007E+01  0.43371955E+01
  0.16056617E+01  0.43070770E+01
  0.16157227E+01  0.42773272E+01
  0.16257837E+01  0.42479317E+01
  0.16358446E+01  0.42188786E+01
  0.16459056E+01  0.41901593E+01
  0.16559666E+01  0.41617681E+01
  0.16660276E+01  0.41337028E+01
  0.16760886E+01  0.41059645E+01
  0.16861496E+01  0.40785574E+01
  0.16962105E+01  0.40514890E+01
  0.17062715E+01  0.40247699E+01
  0.17163325E+01  0.39984130E+01
  0.17263935E+01  0.39724343E+01
  0.17364545E+01  0.39468513E+01
  0.17465155E+01  0.39216838E+01
  0.17565764E+01  0.38969528E+01
  0.17666374E+01  0.38726802E+01
  0.17766984E+01  0.38488887E+01
  0.17867594E+01  0.38256011E+01
  0.17968204E+01  0.38028399E+01
  0.18068814E+01  0.37806271E+01
  0.18169423E+01  0.37589840E+01
  0.18270033E+01  0.37379303E+01
  0.18370643E+01  0.37174844E+01
  0.18471253E+01  0.36976632E+01
  0.18571863E+01  0.36784812E+01
  0.18672473E+01  0.36599513E+01
  0.18773082E+01  0.36420842E+01
  0.18873692E+01  0.36248884E+01
  0.18974302E+01  0.36083702E+01
  0.19074912E+01  0.35925340E+01
  0.19175522E+01  0.35773822E+01
  0.19276132E+01  0.35629151E+01
  0.19376741E+01  0.35491317E+01
  0.19477351E+01  0.35360290E+01
  0.19577961E+01  0.35236030E+01
  0.19678571E+01  0.35118484E+01
  0.19779181E+01  0.35007591E+01
  0.19879790E+01  0.34903280E+01
  0.19980400E+01  0.34805476E+01
  0.20081010E+01  0.34714102E+01
  0.20181620E+01  0.34629076E+01
  0.20282230E+01  0.34550318E+01
  0.20382840E+01  0.34477749E+01
  0.20483449E+01  0.34411292E+01
  0.20584059E+01  0.34350873E+01
  0.20684669E+01  0.34296425E+01
  0.20785279E+01  0.34247884E+01
  0.20885889E+01  0.34205192E+01
  0.20986499E+01  0.34168297E+01
  0.21087108E+01  0.34137156E+01
  0.21187718E+01  0.34111728E+01
  0.21288328E+01  0.34091984E+01
  0.21388938E+01  0.34077898E+01
  0.21489548E+01  0.34069454E+01
  0.21590158E+01  0.34066640E+01
  0.21690674E+01  0.34057909E+01
  0.21791190E+01  0.34031969E+01
  0.21891707E+01  0.33989261E+01
  0.21992223E+01  0.33930302E+01
  0.22092740E+01  0.33855680E+01
  0.22193256E+01  0.33766054E+01
  0.22293772E+01  0.33662144E+01
  0.22394289E+01  0.33544729E+01
  0.22494805E+01  0.33414643E+01
  0.22595322E+01  0.33272769E+01
  0.22695838E+01  0.33120031E+01
  0.22796354E+01  0.32957392E+01
  0.22896871E+01  0.32785846E+01
  0.22997387E+01  0.32606415E+01
  0.23097903E+01  0.32420142E+01
  0.23198420E+01  0.32228086E+01
  0.23298936E+01  0.32031315E+01
  0.23399453E+01  0.31830907E+01
  0.23499969E+01  0.31627937E+01
  0.23600485E+01  0.31423479E+01
  0.23701002E+01  0.31218600E+01
  0.23801518E+01  0.31014354E+01
  0.23902035E+01  0.30811780E+01
  0.24002551E+01  0.30611899E+01
  0.24103067E+01  0.30415709E+01
  0.24203584E+01  0.30224183E+01
  0.24304100E+01  0.30038268E+01
  0.24404617E+01  0.29858881E+01
  0.24505133E+01  0.29686904E+01
  0.24605649E+01  0.29523188E+01
  0.24706166E+01  0.29368548E+01
  0.24806682E+01  0.29223764E+01
  0.24907198E+01  0.29089574E+01
  0.25007715E+01  0.28966683E+01
  0.25108231E+01  0.28855753E+01
  0.25208748E+01  0.28757409E+01
  0.25309264E+01  0.28672235E+01
  0.25409780E+01  0.28600778E+01
  0.25510297E+01  0.28543544E+01
  0.25610813E+01  0.28500999E+01
  0.25711330E+01  0.28473572E+01
  0.25811846E+01  0.28461652E+01
  0.25912362E+01  0.28465587E+01
  0.26012879E+01  0.28485688E+01
  0.26113395E+01  0.28522223E+01
  0.26213912E+01  0.28575421E+01
  0.26314428E+01  0.28645463E+01
  0.26414944E+01  0.28732490E+01
  0.26515461E+01  0.28836592E+01
  0.26615977E+01  0.28957809E+01
  0.26716493E+01  0.29096124E+01
  0.26817010E+01  0.29251465E+01
  0.26917526E+01  0.29423693E+01
  0.27018043E+01  0.29612602E+01
  0.27118559E+01  0.29817913E+01
  0.27219075E+01  0.30039265E+01
  0.27319592E+01  0.30276216E+01
  0.27420108E+01  0.30528229E+01
  0.27520625E+01  0.30794677E+01
  0.27621141E+01  0.31074827E+01
  0.27721657E+01  0.31367847E+01
  0.27822174E+01  0.31672793E+01
  0.27922690E+01  0.31988613E+01
  0.28023207E+01  0.32314141E+01
  0.28123723E+01  0.32648102E+01
  0.28224239E+01  0.32989105E+01
  0.28324756E+01  0.33335655E+01
  0.28425272E+01  0.33686150E+01
  0.28525788E+01  0.34038888E+01
  0.28626305E+01  0.34392076E+01
  0.28726821E+01  0.34743836E+01
  0.28827338E+01  0.35092219E+01
  0.28927854E+01  0.35435210E+01
  0.29028370E+01  0.35770749E+01
  0.29128887E+01  0.36096741E+01
  0.29229403E+01  0.36411069E+01
  0.29329920E+01  0.36711618E+01
  0.29430436E+01  0.36996284E+01
  0.29530952E+01  0.37262998E+01
  0.29631469E+01  0.37509739E+01
  0.29731985E+01  0.37734558E+01
  0.29832502E+01  0.37935592E+01
  0.29933018E+01  0.38111083E+01
  0.30033534E+01  0.38259395E+01
  0.30134051E+01  0.38379032E+01
  0.30234567E+01  0.38468650E+01
  0.30335083E+01  0.38527075E+01
  0.30435600E+01  0.38553312E+01
  0.30536116E+01  0.38546559E+01
  0.30636633E+01  0.38506212E+01
  0.30737149E+01  0.38431876E+01
  0.30837739E+01  0.38638552E+01
  0.30938329E+01  0.38849463E+01
  0.31038919E+01  0.39064582E+01
  0.31139509E+01  0.39283877E+01
  0.31240099E+01  0.39507320E+01
  0.31340689E+01  0.39734878E+01
  0.31441279E+01  0.39966518E+01
  0.31541869E+01  0.40202207E+01
  0.31642459E+01  0.40441907E+01
  0.31743049E+01  0.40685580E+01
  0.31843639E+01  0.40933184E+01
  0.31944229E+01  0.41184673E+01
  0.32044819E+01  0.41440000E+01
  0.32145409E+01  0.41699113E+01
  0.32245999E+01  0.41961957E+01
  0.32346589E+01  0.42228474E+01
  0.32447179E+01  0.42498599E+01
  0.32547769E+01  0.42772268E+01
  0.32648359E+01  0.43049410E+01
  0.32748948E+01  0.43329950E+01
  0.32849538E+01  0.43613810E+01
  0.32950128E+01  0.43900908E+01
  0.33050718E+01  0.44191160E+01
  0.33151308E+01  0.44484474E+01
  0.33251898E+01  0.44780759E+01
  0.33352488E+01  0.45079917E+01
  0.33453078E+01  0.45381846E+01
  0.33553668E+01  0.45686443E+01
  0.33654258E+01  0.45993598E+01
  0.33754848E+01  0.46303197E+01
  0.33855438E+01  0.46615122E+01
  0.33956028E+01  0.46929250E+01
  0.34056618E+01  0.47245451E+01
  0.34157208E+01  0.47563591E+01
  0.34257798E+01  0.47883529E+01
  0.34358388E+01  0.48205115E+01
  0.34458978E+01  0.48528192E+01
  0.34559568E+01  0.48852597E+01
  0.34660158E+01  0.49178153E+01
  0.34760748E+01  0.49504678E+01
  0.34861338E+01  0.49831977E+01
  0.34961928E+01  0.50159844E+01
  0.35062518E+01  0.50488060E+01
  0.35163108E+01  0.50816398E+01
  0.35263698E+01  0.51144614E+01
  0.35364288E+01  0.51472454E+01
  0.35464878E+01  0.51799650E+01
  0.35565468E+01  0.52125923E+01
  0.35666058E+01  0.52450980E+01
  0.35766648E+01  0.52774517E+01
  0.35867238E+01  0.53096221E+01
  0.35967828E+01  0.53415766E+01
  0.36068418E+01  0.53732819E+01
  0.36169008E+01  0.54047041E+01
  0.36269598E+01  0.54358086E+01
  0.36370188E+01  0.54665605E+01
  0.36470777E+01  0.54969249E+01
  0.36571367E+01  0.55268669E+01
  0.36671957E+01  0.55563519E+01
  0.36772547E+01  0.55853462E+01
  0.36873137E+01  0.56138170E+01
  0.36973727E+01  0.56417324E+01
  0.37074317E+01  0.56690624E+01
  0.37174907E+01  0.56957786E+01
  0.37275497E+01  0.57218548E+01
  0.37376087E+01  0.57472670E+01
  0.37476677E+01  0.57719940E+01
  0.37577267E+01  0.57960174E+01
  0.37677857E+01  0.58193218E+01
  0.37778447E+01  0.58418953E+01
  0.37879037E+01  0.58637292E+01
  0.37979627E+01  0.58848184E+01
  0.38080217E+01  0.59051614E+01
  0.38180807E+01  0.59247604E+01
  0.38281397E+01  0.59436213E+01
  0.38381987E+01  0.59617534E+01
  0.38482577E+01  0.59791697E+01
  0.38583167E+01  0.59958863E+01
  0.38683757E+01  0.60119225E+01
  0.38784347E+01  0.60273007E+01
  0.38884937E+01  0.60420456E+01
  0.38985527E+01  0.60561844E+01
  0.39086117E+01  0.60697462E+01
  0.39186707E+01  0.60827616E+01
  0.39287297E+01  0.60952624E+01
  0.39387887E+01  0.61072809E+01
  0.39488477E+01  0.61188501E+01
  0.39589067E+01  0.61300025E+01
  0.39689657E+01  0.61407700E+01
  0.39790247E+01  0.61511837E+01
  0.39890837E+01  0.61612728E+01
  0.39991427E+01  0.61710651E+01
  0.40092017E+01  0.61805859E+01
  0.40192606E+01  0.61898578E+01
  0.40293196E+01  0.61989009E+01
  0.40393786E+01  0.62077318E+01
  0.40494376E+01  0.62163639E+01
  0.40594966E+01  0.62248073E+01
  0.40695556E+01  0.62330682E+01
  0.40796146E+01  0.62411493E+01
  0.40896736E+01  0.62490500E+01
  0.40997326E+01  0.62567657E+01
  0.41097916E+01  0.62642887E+01
  0.41198506E+01  0.62716082E+01
  0.41299096E+01  0.62787103E+01
  0.41399686E+01  0.62855785E+01
  0.41500276E+01  0.62921940E+01
  0.41600866E+01  0.62985361E+01
  0.41701456E+01  0.63045825E+01
  0.41802046E+01  0.63103098E+01
  0.41902636E+01  0.63156940E+01
  0.42003226E+01  0.63207108E+01
  0.42103816E+01  0.63253363E+01
  0.42204406E+01  0.63295471E+01
  0.42304996E+01  0.63333210E+01
  0.42405586E+01  0.63366373E+01
  0.42506176E+01  0.63394774E+01
  0.42606766E+01  0.63418247E+01
  0.42707356E+01  0.63436653E+01
  0.42807946E+01  0.63449881E+01
  0.42908536E+01  0.63457851E+01
  0.43009126E+01  0.63460513E+01
  
