# Written at 2022-10-17T14:20:48
      0.00000000     -6.61033300
      0.06804138     -6.78159558
      0.13608276     -7.16136196
      0.20412415     -7.58549988
      0.27216553     -7.98875541
      0.34020691     -8.34174915
      0.40824829     -8.61972600
      0.47628967     -8.81572762
      0.54433105     -8.93673054
      0.61237244     -8.97919751
      0.67665487     -8.94100475
      0.74093731     -8.83067134
      0.80521974     -8.65424812
      0.86950217     -8.40843266
      0.93378461     -8.08346226
      0.99806704     -7.68120295
      1.06234948     -7.21865016
      1.12663191     -6.70578371
      1.19091435     -6.13430289
      1.25519678     -5.49705467
      1.31947922     -4.80538305
      1.38159222     -5.00755243
      1.44370522     -5.17327788
      1.50581822     -5.29981827
      1.56793121     -5.38744055
      1.63004421     -5.43139817
      1.69215721     -5.42758281
      1.75427021     -5.38267128
      1.81638321     -5.30786589
      1.87849621     -5.20415201
      1.93618852     -5.50445052
      1.99388083     -5.89039824
      2.05157313     -6.32357232
      2.10926544     -6.76920355
      2.16695775     -7.20284049
      2.22465006     -7.60188241
      2.28234237     -7.95372265
      2.34003467     -8.25857401
      2.39772698     -8.51484067
      2.45541929     -8.71570867
      2.51311160     -8.85958897
      2.57080390     -8.94846908
      2.62849621     -8.97919751

      0.00000000     -4.03651100
      0.06804138     -3.79152988
      0.13608276     -3.18042081
      0.20412415     -2.36084662
      0.27216553     -1.43021079
      0.34020691     -0.45270258
      0.40824829      0.58315850
      0.47628967      1.69291379
      0.54433105      2.66655250
      0.61237244      3.07083950
      0.67665487      2.85453689
      0.74093731      2.27815847
      0.80521974      1.50797311
      0.86950217      0.69598676
      0.93378461     -0.09191381
      0.99806704     -0.87646310
      1.06234948     -1.69031005
      1.12663191     -2.51635283
      1.19091435     -3.31580911
      1.25519678     -4.07657996
      1.31947922     -4.80492399
      1.38159222     -4.57706408
      1.44370522     -4.34157124
      1.50581822     -4.12678232
      1.56793121     -3.96878242
      1.63004421     -3.89205621
      1.69215721     -3.89720562
      1.75427021     -3.96912654
      1.81638321     -4.08377672
      1.87849621     -4.21636468
      1.93618852     -3.90474871
      1.99388083     -3.54111747
      2.05157313     -3.12300839
      2.10926544     -2.64421324
      2.16695775     -2.11108927
      2.22465006     -1.52419039
      2.28234237     -0.87211284
      2.34003467     -0.16193641
      2.39772698      0.58226367
      2.45541929      1.35940904
      2.51311160      2.15196868
      2.57080390      2.80808369
      2.62849621      3.07083950

      0.00000000      1.83708200
      0.06804138      1.86148786
      0.13608276      1.92761931
      0.20412415      2.03259600
      0.27216553      2.18612108
      0.34020691      2.38312666
      0.40824829      2.60082500
      0.47628967      2.81852035
      0.54433105      2.99838946
      0.61237244      3.07153000
      0.67665487      2.92862065
      0.74093731      2.56227728
      0.80521974      2.10176334
      0.86950217      1.65698636
      0.93378461      1.27589613
      0.99806704      0.95147718
      1.06234948      0.66644054
      1.12663191      0.42967927
      1.19091435      0.26064416
      1.25519678      0.16337758
      1.31947922      0.13193504
      1.38159222      0.04150849
      1.44370522     -0.20454980
      1.50581822     -0.53076879
      1.56793121     -0.85351969
      1.63004421     -1.11857455
      1.69215721     -1.30795115
      1.75427021     -1.42114904
      1.81638321     -1.45533888
      1.87849621     -1.40430422
      1.93618852     -1.51488511
      1.99388083     -1.45645316
      2.05157313     -1.25521326
      2.10926544     -0.95235093
      2.16695775     -0.57278115
      2.22465006     -0.12117754
      2.28234237      0.39582012
      2.34003467      0.96031983
      2.39772698      1.54925286
      2.45541929      2.12493895
      2.51311160      2.61924045
      2.57080390      2.95343577
      2.62849621      3.07153000

      0.00000000      1.83708200
      0.06804138      1.86148825
      0.13608276      1.92762006
      0.20412415      2.03259700
      0.27216553      2.18612222
      0.34020691      2.38312779
      0.40824829      2.60082600
      0.47628967      2.81852109
      0.54433105      2.99838986
      0.61237244      3.07153001
      0.67665487      2.92908213
      0.74093731      2.56273958
      0.80521974      2.10222546
      0.86950217      1.65744807
      0.93378461      1.27635732
      0.99806704      0.95193782
      1.06234948      0.66690065
      1.12663191      0.43013891
      1.19091435      0.26110343
      1.25519678      0.16383661
      1.31947922      0.13239400
      1.38159222      0.04851143
      1.44370522     -0.14866778
      1.50581822     -0.34542634
      1.56793121     -0.43648540
      1.63004421     -0.37087397
      1.69215721     -0.14729163
      1.75427021      0.18708453
      1.81638321      0.49320693
      1.87849621      0.56875709
      1.93618852      0.77859024
      1.99388083      1.02328351
      2.05157313      1.29818609
      2.10926544      1.59549680
      2.16695775      1.90316741
      2.22465006      2.20197365
      2.28234237      2.46551462
      2.34003467      2.67071579
      2.39772698      2.81389245
      2.45541929      2.91355938
      2.51311160      2.99118214
      2.57080390      3.04898509
      2.62849621      3.07153001

      0.00000000      5.27862533
      0.06804138      5.26632865
      0.13608276      5.35389828
      0.20412415      5.55500715
      0.27216553      5.70594140
      0.34020691      5.85967621
      0.40824829      6.09887219
      0.47628967      6.31726998
      0.54433105      6.40505982
      0.61237244      6.35482089
      0.67665487      6.27174216
      0.74093731      6.02633219
      0.80521974      5.66392711
      0.86950217      5.29283641
      0.93378461      4.97386889
      0.99806704      4.69014442
      1.06234948      4.45889906
      1.12663191      4.30621370
      1.19091435      4.24060745
      1.25519678      4.27917896
      1.31947922      4.35928248
      1.38159222      4.53345318
      1.44370522      4.98881649
      1.50581822      5.56629013
      1.56793121      6.26083253
      1.63004421      7.18016695
      1.69215721      6.93598665
      1.75427021      6.03878970
      1.81638321      5.26520927
      1.87849621      4.86801526
      1.93618852      5.12387267
      1.99388083      5.41442360
      2.05157313      5.74900103
      2.10926544      6.07133579
      2.16695775      6.32599855
      2.22465006      6.54092695
      2.28234237      6.72219185
      2.34003467      6.81873147
      2.39772698      6.81266297
      2.45541929      6.66287560
      2.51311160      6.49723016
      2.57080390      6.39012914
      2.62849621      6.35482089

      0.00000000      7.09684100
      0.06804138      7.10336080
      0.13608276      7.18510245
      0.20412415      7.31841147
      0.27216553      7.34493207
      0.34020691      7.23143374
      0.40824829      7.01477815
      0.47628967      6.71663485
      0.54433105      6.45442995
      0.61237244      6.35564450
      0.67665487      6.53610248
      0.74093731      7.02938158
      0.80521974      7.72282269
      0.86950217      7.97674129
      0.93378461      7.22513431
      0.99806704      6.44971418
      1.06234948      5.89798410
      1.12663191      5.34231624
      1.19091435      4.78045181
      1.25519678      4.46639856
      1.31947922      4.36260552
      1.38159222      4.60772302
      1.44370522      5.16558472
      1.50581822      5.83863959
      1.56793121      6.62265985
      1.63004421      7.47383430
      1.69215721      8.39450585
      1.75427021      9.53077638
      1.81638321      8.64516530
      1.87849621      7.86195782
      1.93618852      9.47090644
      1.99388083      9.95119884
      2.05157313      9.28094039
      2.10926544      8.73721484
      2.16695775      8.25909779
      2.22465006      7.78539912
      2.28234237      7.36574888
      2.34003467      7.06349782
      2.39772698      6.85034964
      2.45541929      6.71520011
      2.51311160      6.54338887
      2.57080390      6.40369054
      2.62849621      6.35564450

      0.00000000      7.09684167
      0.06804138      7.10336143
      0.13608276      7.18510297
      0.20412415      7.31841183
      0.27216553      7.34493222
      0.34020691      7.23143384
      0.40824829      7.01477847
      0.47628967      6.71663553
      0.54433105      6.45443846
      0.61237244      6.35642127
      0.67665487      6.53683753
      0.74093731      7.03014756
      0.80521974      7.72362732
      0.86950217      8.47969944
      0.93378461      9.22066580
      0.99806704      9.99726524
      1.06234948     10.83363461
      1.12663191     11.65576298
      1.19091435     12.52368867
      1.25519678     13.42083601
      1.31947922     13.84770650
      1.38159222     13.42240633
      1.44370522     12.33382035
      1.50581822     10.96040999
      1.56793121      9.53149682
      1.63004421      8.34040907
      1.69215721      8.95269949
      1.75427021      9.67077547
      1.81638321     10.71193110
      1.87849621     11.24817812
      1.93618852     10.65450283
      1.99388083     10.72647119
      2.05157313     10.32405838
      2.10926544      9.94504627
      2.16695775      9.09903995
      2.22465006      8.30298606
      2.28234237      7.76954384
      2.34003467      7.37904871
      2.39772698      7.06165241
      2.45541929      6.80187894
      2.51311160      6.62826498
      2.57080390      6.46961095
      2.62849621      6.35642127

      0.00000000     11.17793401
      0.06804138     11.22597504
      0.13608276     11.40292430
      0.20412415     11.52140905
      0.27216553     11.17503048
      0.34020691     10.35859281
      0.40824829      9.38686369
      0.47628967      8.35681013
      0.54433105      7.43503461
      0.61237244      7.10608934
      0.67665487      7.34379228
      0.74093731      7.85471508
      0.80521974      8.19773179
      0.86950217      8.48055800
      0.93378461      9.22154850
      0.99806704      9.99815778
      1.06234948     10.83451822
      1.12663191     11.65662374
      1.19091435     12.52452188
      1.25519678     13.42164731
      1.31947922     13.84850951
      1.38159222     13.49672054
      1.44370522     12.82502328
      1.50581822     12.31743981
      1.56793121     11.91951864
      1.63004421     11.33197985
      1.69215721     10.49422225
      1.75427021     10.27106358
      1.81638321     11.38357329
      1.87849621     11.94327087
      1.93618852     11.41363927
      1.99388083     10.83254682
      2.05157313     10.92933003
      2.10926544     10.14342841
      2.16695775      9.64522722
      2.22465006      9.45849415
      2.28234237      9.43882024
      2.34003467      9.45202667
      2.39772698      9.26155255
      2.45541929      8.74630114
      2.51311160      7.99185982
      2.57080390      7.33026695
      2.62849621      7.10608934
