    0.0000 -121.7013
    0.0577 -121.6970
    0.1155 -121.6902
    0.1732 -121.6936
    0.2309 -121.7135
    0.2887 -121.7439
    0.3464 -121.7712
    0.4041 -121.7853
    0.4619 -121.7854
    0.5196 -121.7794
    0.5774 -121.7761
    0.6398 -121.7794
    0.7022 -121.7841
    0.7646 -121.7888
    0.8270 -121.7904
    0.8895 -121.7903
    0.9419 -121.7924
    0.9944 -121.7968
    1.0469 -121.8014
    1.0994 -121.8041
    1.1519 -121.8041
    1.2044 -121.8020
    1.2569 -121.7994
    1.3093 -121.7985
    1.3618 -121.8008
    1.4143 -121.8045
    1.4668 -121.8063
    1.5188 -121.7630
    1.5708 -121.7233
    1.6229 -121.7806
    1.6749 -121.9283
    1.7269 -121.9380
    1.7789 -121.7013
    1.8302 -121.6988
    1.8815 -121.6952
    1.9328 -121.6989
    1.9840 -121.7152
    2.0353 -121.7417
    2.0866 -121.7691
    2.1379 -121.7872
    2.1892 -121.7907
    2.2404 -121.7813
    2.2917 -121.7651
    2.3430 -121.7492
    2.3943 -121.7387
    2.4456 -121.7353
    2.4902 -121.7235
    2.5347 -121.6931
    2.5793 -121.6761
    2.6239 -121.6968
    2.6685 -121.7519
    2.7131 -121.8106
    2.7577 -121.8357
 
    0.0000 -121.7013
    0.0577 -121.6969
    0.1155 -121.6901
    0.1732 -121.6934
    0.2309 -121.7134
    0.2887 -121.7438
    0.3464 -121.7712
    0.4041 -121.7852
    0.4619 -121.7854
    0.5196 -121.7793
    0.5774 -121.7761
    0.6398 -121.7714
    0.7022 -121.7648
    0.7646 -121.7584
    0.8270 -121.7534
    0.8895 -121.7512
    0.9419 -121.7407
    0.9944 -121.7165
    1.0469 -121.6928
    1.0994 -121.6799
    1.1519 -121.6781
    1.2044 -121.6798
    1.2569 -121.6792
    1.3093 -121.6756
    1.3618 -121.6718
    1.4143 -121.6698
    1.4668 -121.6694
    1.5188 -121.7050
    1.5708 -121.7127
    1.6229 -121.5991
    1.6749 -121.4170
    1.7269 -121.4346
    1.7789 -121.7013
    1.8302 -121.6987
    1.8815 -121.6950
    1.9328 -121.6987
    1.9840 -121.7150
    2.0353 -121.7415
    2.0866 -121.7690
    2.1379 -121.7871
    2.1892 -121.7907
    2.2404 -121.7812
    2.2917 -121.7650
    2.3430 -121.7492
    2.3943 -121.7387
    2.4456 -121.7352
    2.4902 -121.7130
    2.5347 -121.6693
    2.5793 -121.6346
    2.6239 -121.6345
    2.6685 -121.6692
    2.7131 -121.7129
    2.7577 -121.7323
 
    0.0000  -75.0647
    0.0577  -75.0673
    0.1155  -75.0707
    0.1732  -75.0714
    0.2309  -75.0694
    0.2887  -75.0764
    0.3464  -75.0902
    0.4041  -75.0967
    0.4619  -75.0953
    0.5196  -75.0901
    0.5774  -75.0869
    0.6398  -75.0958
    0.7022  -75.0951
    0.7646  -75.0806
    0.8270  -75.0674
    0.8895  -75.0619
    0.9419  -75.0682
    0.9944  -75.0777
    1.0469  -75.0858
    1.0994  -75.0925
    1.1519  -75.0895
    1.2044  -75.0916
    1.2569  -75.1097
    1.3093  -75.1283
    1.3618  -75.1343
    1.4143  -75.1253
    1.4668  -75.1017
    1.5188  -75.0945
    1.5708  -75.0813
    1.6229  -75.0963
    1.6749  -75.1486
    1.7269  -75.1197
    1.7789  -75.0647
    1.8302  -75.0659
    1.8815  -75.0649
    1.9328  -75.0660
    1.9840  -75.0756
    2.0353  -75.0924
    2.0866  -75.1094
    2.1379  -75.1192
    2.1892  -75.1175
    2.2404  -75.1050
    2.2917  -75.0882
    2.3430  -75.0764
    2.3943  -75.0796
    2.4456  -75.0905
    2.4902  -75.0991
    2.5347  -75.1000
    2.5793  -75.1007
    2.6239  -75.1080
    2.6685  -75.1217
    2.7131  -75.1356
    2.7577  -75.1415
 
    0.0000  -75.0647
    0.0577  -75.0673
    0.1155  -75.0706
    0.1732  -75.0713
    0.2309  -75.0693
    0.2887  -75.0762
    0.3464  -75.0900
    0.4041  -75.0965
    0.4619  -75.0951
    0.5196  -75.0898
    0.5774  -75.0866
    0.6398  -75.0773
    0.7022  -75.0759
    0.7646  -75.0763
    0.8270  -75.0610
    0.8895  -75.0501
    0.9419  -75.0479
    0.9944  -75.0498
    1.0469  -75.0741
    1.0994  -75.0853
    1.1519  -75.0803
    1.2044  -75.0869
    1.2569  -75.0953
    1.3093  -75.1026
    1.3618  -75.1071
    1.4143  -75.1063
    1.4668  -75.1006
    1.5188  -75.0908
    1.5708  -75.0763
    1.6229  -75.0712
    1.6749  -75.0691
    1.7269  -75.0698
    1.7789  -75.0647
    1.8302  -75.0659
    1.8815  -75.0649
    1.9328  -75.0659
    1.9840  -75.0756
    2.0353  -75.0923
    2.0866  -75.1092
    2.1379  -75.1191
    2.1892  -75.1174
    2.2404  -75.1048
    2.2917  -75.0879
    2.3430  -75.0761
    2.3943  -75.0795
    2.4456  -75.0905
    2.4902  -75.0717
    2.5347  -75.0531
    2.5793  -75.0460
    2.6239  -75.0477
    2.6685  -75.0581
    2.7131  -75.0701
    2.7577  -75.0754
 
    0.0000  -75.0598
    0.0577  -75.0554
    0.1155  -75.0475
    0.1732  -75.0458
    0.2309  -75.0553
    0.2887  -75.0607
    0.3464  -75.0570
    0.4041  -75.0537
    0.4619  -75.0524
    0.5196  -75.0537
    0.5774  -75.0552
    0.6398  -75.0636
    0.7022  -75.0619
    0.7646  -75.0431
    0.8270  -75.0242
    0.8895  -75.0145
    0.9419  -75.0229
    0.9944  -75.0443
    1.0469  -75.0573
    1.0994  -75.0678
    1.1519  -75.0706
    1.2044  -75.0662
    1.2569  -75.0743
    1.3093  -75.0808
    1.3618  -75.0860
    1.4143  -75.0902
    1.4668  -75.0969
    1.5188  -75.0895
    1.5708  -75.0664
    1.6229  -75.0662
    1.6749  -75.0641
    1.7269  -75.0649
    1.7789  -75.0598
    1.8302  -75.0539
    1.8815  -75.0449
    1.9328  -75.0382
    1.9840  -75.0328
    2.0353  -75.0282
    2.0866  -75.0251
    2.1379  -75.0236
    2.1892  -75.0233
    2.2404  -75.0244
    2.2917  -75.0313
    2.3430  -75.0506
    2.3943  -75.0649
    2.4456  -75.0651
    2.4902  -75.0622
    2.5347  -75.0482
    2.5793  -75.0369
    2.6239  -75.0395
    2.6685  -75.0518
    2.7131  -75.0655
    2.7577  -75.0713
 
    0.0000  -75.0598
    0.0577  -75.0554
    0.1155  -75.0475
    0.1732  -75.0457
    0.2309  -75.0552
    0.2887  -75.0607
    0.3464  -75.0569
    0.4041  -75.0537
    0.4619  -75.0524
    0.5196  -75.0537
    0.5774  -75.0552
    0.6398  -75.0547
    0.7022  -75.0543
    0.7646  -75.0404
    0.8270  -75.0140
    0.8895  -74.9999
    0.9419  -74.9966
    0.9944  -75.0076
    1.0469  -75.0237
    1.0994  -75.0335
    1.1519  -75.0432
    1.2044  -75.0570
    1.2569  -75.0609
    1.3093  -75.0606
    1.3618  -75.0643
    1.4143  -75.0736
    1.4668  -75.0957
    1.5188  -75.0859
    1.5708  -75.0615
    1.6229  -75.0460
    1.6749  -75.0421
    1.7269  -75.0524
    1.7789  -75.0598
    1.8302  -75.0539
    1.8815  -75.0448
    1.9328  -75.0380
    1.9840  -75.0326
    2.0353  -75.0280
    2.0866  -75.0249
    2.1379  -75.0234
    2.1892  -75.0232
    2.2404  -75.0243
    2.2917  -75.0313
    2.3430  -75.0506
    2.3943  -75.0646
    2.4456  -75.0648
    2.4902  -75.0577
    2.5347  -75.0449
    2.5793  -75.0290
    2.6239  -75.0224
    2.6685  -75.0277
    2.7131  -75.0373
    2.7577  -75.0418
 
    0.0000  -75.0234
    0.0577  -75.0203
    0.1155  -75.0135
    0.1732  -75.0049
    0.2309  -74.9933
    0.2887  -74.9796
    0.3464  -74.9646
    0.4041  -74.9505
    0.4619  -74.9391
    0.5196  -74.9314
    0.5774  -74.9287
    0.6398  -74.9397
    0.7022  -74.9710
    0.7646  -74.9908
    0.8270  -74.9825
    0.8895  -74.9743
    0.9419  -74.9796
    0.9944  -74.9775
    1.0469  -74.9668
    1.0994  -74.9852
    1.1519  -75.0091
    1.2044  -74.9923
    1.2569  -74.9555
    1.3093  -74.9494
    1.3618  -74.9860
    1.4143  -75.0447
    1.4668  -75.0725
    1.5188  -75.0517
    1.5708  -75.0434
    1.6229  -75.0412
    1.6749  -75.0373
    1.7269  -75.0475
    1.7789  -75.0234
    1.8302  -75.0227
    1.8815  -75.0195
    1.9328  -75.0113
    1.9840  -74.9985
    2.0353  -74.9841
    2.0866  -74.9709
    2.1379  -74.9622
    2.1892  -74.9613
    2.2404  -74.9682
    2.2917  -74.9744
    2.3430  -74.9662
    2.3943  -74.9516
    2.4456  -74.9451
    2.4902  -74.9456
    2.5347  -74.9389
    2.5793  -74.9287
    2.6239  -74.9200
    2.6685  -74.9151
    2.7131  -74.9135
    2.7577  -74.9134
 
    0.0000  -75.0231
    0.0577  -75.0199
    0.1155  -75.0132
    0.1732  -75.0046
    0.2309  -74.9931
    0.2887  -74.9794
    0.3464  -74.9645
    0.4041  -74.9504
    0.4619  -74.9390
    0.5196  -74.9313
    0.5774  -74.9286
    0.6398  -74.9338
    0.7022  -74.9339
    0.7646  -74.9233
    0.8270  -74.9146
    0.8895  -74.9137
    0.9419  -74.9218
    0.9944  -74.9383
    1.0469  -74.9564
    1.0994  -74.9490
    1.1519  -74.9318
    1.2044  -74.9119
    1.2569  -74.8932
    1.3093  -74.8836
    1.3618  -74.8821
    1.4143  -74.8822
    1.4668  -74.8825
    1.5188  -74.8913
    1.5708  -74.9023
    1.6229  -74.8986
    1.6749  -74.8975
    1.7269  -74.9348
    1.7789  -75.0231
    1.8302  -75.0223
    1.8815  -75.0192
    1.9328  -75.0111
    1.9840  -74.9984
    2.0353  -74.9839
    2.0866  -74.9708
    2.1379  -74.9621
    2.1892  -74.9612
    2.2404  -74.9681
    2.2917  -74.9742
    2.3430  -74.9661
    2.3943  -74.9515
    2.4456  -74.9450
    2.4902  -74.9364
    2.5347  -74.9228
    2.5793  -74.9095
    2.6239  -74.9011
    2.6685  -74.8991
    2.7131  -74.9008
    2.7577  -74.9021
 
    0.0000  -10.3482
    0.0577  -10.3411
    0.1155  -10.3188
    0.1732  -10.2796
    0.2309  -10.2253
    0.2887  -10.1618
    0.3464  -10.0972
    0.4041  -10.0384
    0.4619   -9.9909
    0.5196   -9.9596
    0.5774   -9.9485
    0.6398   -9.9833
    0.7022  -10.0181
    0.7646  -10.0467
    0.8270  -10.0648
    0.8895  -10.0707
    0.9419  -10.0790
    0.9944  -10.1059
    1.0469  -10.1564
    1.0994  -10.2342
    1.1519  -10.3363
    1.2044  -10.4499
    1.2569  -10.5537
    1.3093  -10.6278
    1.3618  -10.6653
    1.4143  -10.6759
    1.4668  -10.6767
    1.5188  -10.6651
    1.5708  -10.6226
    1.6229  -10.5577
    1.6749  -10.4963
    1.7269  -10.4327
    1.7789  -10.3482
    1.8302  -10.3433
    1.8815  -10.3274
    1.9328  -10.2988
    1.9840  -10.2571
    2.0353  -10.2048
    2.0866  -10.1465
    2.1379  -10.0874
    2.1892  -10.0323
    2.2404   -9.9846
    2.2917   -9.9474
    2.3430   -9.9224
    2.3943   -9.9094
    2.4456   -9.9066
    2.4902   -9.9075
    2.5347   -9.9088
    2.5793   -9.9148
    2.6239   -9.9282
    2.6685   -9.9467
    2.7131   -9.9631
    2.7577   -9.9697
 
    0.0000  -10.3482
    0.0577  -10.3410
    0.1155  -10.3185
    0.1732  -10.2794
    0.2309  -10.2252
    0.2887  -10.1618
    0.3464  -10.0971
    0.4041  -10.0383
    0.4619   -9.9908
    0.5196   -9.9595
    0.5774   -9.9485
    0.6398   -9.9184
    0.7022   -9.8951
    0.7646   -9.8787
    0.8270   -9.8689
    0.8895   -9.8657
    0.9419   -9.8696
    0.9944   -9.8806
    1.0469   -9.8973
    1.0994   -9.9196
    1.1519   -9.9480
    1.2044   -9.9813
    1.2569  -10.0152
    1.3093  -10.0444
    1.3618  -10.0653
    1.4143  -10.0771
    1.4668  -10.0807
    1.5188  -10.0971
    1.5708  -10.1282
    1.6229  -10.1550
    1.6749  -10.1913
    1.7269  -10.2577
    1.7789  -10.3482
    1.8302  -10.3431
    1.8815  -10.3271
    1.9328  -10.2984
    1.9840  -10.2567
    2.0353  -10.2044
    2.0866  -10.1461
    2.1379  -10.0872
    2.1892  -10.0321
    2.2404   -9.9846
    2.2917   -9.9474
    2.3430   -9.9223
    2.3943   -9.9094
    2.4456   -9.9066
    2.4902   -9.9044
    2.5347   -9.9031
    2.5793   -9.9077
    2.6239   -9.9207
    2.6685   -9.9394
    2.7131   -9.9562
    2.7577   -9.9631
 
    0.0000   -0.4730
    0.0577   -0.4919
    0.1155   -0.5234
    0.1732   -0.5551
    0.2309   -0.5817
    0.2887   -0.5998
    0.3464   -0.6088
    0.4041   -0.6108
    0.4619   -0.6095
    0.5196   -0.6077
    0.5774   -0.6069
    0.6398   -0.6480
    0.7022   -0.6676
    0.7646   -0.6592
    0.8270   -0.6347
    0.8895   -0.6215
    0.9419   -0.6205
    0.9944   -0.6181
    1.0469   -0.6163
    1.0994   -0.6163
    1.1519   -0.6180
    1.2044   -0.6199
    1.2569   -0.6206
    1.3093   -0.6193
    1.3618   -0.6160
    1.4143   -0.6121
    1.4668   -0.6105
    1.5188   -0.5953
    1.5708   -0.5601
    1.6229   -0.5264
    1.6749   -0.5061
    1.7269   -0.4929
    1.7789   -0.4730
    1.8302   -0.4903
    1.8815   -0.5186
    1.9328   -0.5451
    1.9840   -0.5641
    2.0353   -0.5728
    2.0866   -0.5713
    2.1379   -0.5612
    2.1892   -0.5447
    2.2404   -0.5232
    2.2917   -0.4978
    2.3430   -0.4694
    2.3943   -0.4405
    2.4456   -0.4243
    2.4902   -0.4169
    2.5347   -0.4846
    2.5793   -0.5374
    2.6239   -0.5826
    2.6685   -0.6237
    2.7131   -0.6547
    2.7577   -0.6665
 
    0.0000   -0.4730
    0.0577   -0.4919
    0.1155   -0.5232
    0.1732   -0.5548
    0.2309   -0.5816
    0.2887   -0.5998
    0.3464   -0.6086
    0.4041   -0.6106
    0.4619   -0.6093
    0.5196   -0.6076
    0.5774   -0.6069
    0.6398   -0.5487
    0.7022   -0.4640
    0.7646   -0.3490
    0.8270   -0.3505
    0.8895   -0.3462
    0.9419   -0.3494
    0.9944   -0.3593
    1.0469   -0.3761
    1.0994   -0.4004
    1.1519   -0.4324
    1.2044   -0.4707
    1.2569   -0.5120
    1.3093   -0.5508
    1.3618   -0.5823
    1.4143   -0.6027
    1.4668   -0.6096
    1.5188   -0.5944
    1.5708   -0.5593
    1.6229   -0.5256
    1.6749   -0.5053
    1.7269   -0.4922
    1.7789   -0.4730
    1.8302   -0.4902
    1.8815   -0.5184
    1.9328   -0.5447
    1.9840   -0.5637
    2.0353   -0.5725
    2.0866   -0.5710
    2.1379   -0.5611
    2.1892   -0.5446
    2.2404   -0.5232
    2.2917   -0.4978
    2.3430   -0.4693
    2.3943   -0.4404
    2.4456   -0.4243
    2.4902   -0.4094
    2.5347   -0.3707
    2.5793   -0.3122
    2.6239   -0.2548
    2.6685   -0.2128
    2.7131   -0.1988
    2.7577   -0.1964
 
    0.0000   -0.4724
    0.0577   -0.4667
    0.1155   -0.4510
    0.1732   -0.4242
    0.2309   -0.3861
    0.2887   -0.3386
    0.3464   -0.2871
    0.4041   -0.2391
    0.4619   -0.2016
    0.5196   -0.1788
    0.5774   -0.1712
    0.6398   -0.2431
    0.7022   -0.3108
    0.7646   -0.3446
    0.8270   -0.2239
    0.8895   -0.1668
    0.9419   -0.1804
    0.9944   -0.2161
    1.0469   -0.2638
    1.0994   -0.3140
    1.1519   -0.3583
    1.2044   -0.3911
    1.2569   -0.4098
    1.3093   -0.4162
    1.3618   -0.4156
    1.4143   -0.4150
    1.4668   -0.4162
    1.5188   -0.4402
    1.5708   -0.4893
    1.6229   -0.5157
    1.6749   -0.4959
    1.7269   -0.4574
    1.7789   -0.4724
    1.8302   -0.4663
    1.8815   -0.4535
    1.9328   -0.4416
    1.9840   -0.4341
    2.0353   -0.4209
    2.0866   -0.3912
    2.1379   -0.3414
    2.1892   -0.2808
    2.2404   -0.2404
    2.2917   -0.2406
    2.3430   -0.2647
    2.3943   -0.2968
    2.4456   -0.3165
    2.4902   -0.4027
    2.5347   -0.3543
    2.5793   -0.2947
    2.6239   -0.2427
    2.6685   -0.2110
    2.7131   -0.1905
    2.7577   -0.1839
 
    0.0000   -0.4724
    0.0577   -0.4667
    0.1155   -0.4510
    0.1732   -0.4242
    0.2309   -0.3861
    0.2887   -0.3386
    0.3464   -0.2871
    0.4041   -0.2391
    0.4619   -0.2016
    0.5196   -0.1788
    0.5774   -0.1712
    0.6398   -0.1119
    0.7022   -0.0547
    0.7646   -0.0282
    0.8270    0.0015
    0.8895    0.0183
    0.9419    0.0224
    0.9944    0.0305
    1.0469   -0.0281
    1.0994   -0.1088
    1.1519   -0.1885
    1.2044   -0.2637
    1.2569   -0.3276
    1.3093   -0.3682
    1.3618   -0.3920
    1.4143   -0.4025
    1.4668   -0.4040
    1.5188   -0.3988
    1.5708   -0.3895
    1.6229   -0.3903
    1.6749   -0.4097
    1.7269   -0.4421
    1.7789   -0.4724
    1.8302   -0.4663
    1.8815   -0.4535
    1.9328   -0.4416
    1.9840   -0.4340
    2.0353   -0.4207
    2.0866   -0.3910
    2.1379   -0.3413
    2.1892   -0.2807
    2.2404   -0.2403
    2.2917   -0.2406
    2.3430   -0.2647
    2.3943   -0.2968
    2.4456   -0.3164
    2.4902   -0.1961
    2.5347   -0.0693
    2.5793    0.0412
    2.6239    0.1184
    2.6685    0.1579
    2.7131    0.1552
    2.7577    0.1532
 
    0.0000   -0.4337
    0.0577   -0.4203
    0.1155   -0.4001
    0.1732   -0.3767
    0.2309   -0.3408
    0.2887   -0.2835
    0.3464   -0.2025
    0.4041   -0.1074
    0.4619   -0.0187
    0.5196    0.0417
    0.5774    0.0626
    0.6398    0.0046
    0.7022   -0.0317
    0.7646    0.0131
    0.8270    0.0769
    0.8895    0.1041
    0.9419    0.0879
    0.9944    0.0418
    1.0469    0.0314
    1.0994   -0.0541
    1.1519   -0.1714
    1.2044   -0.2579
    1.2569   -0.3135
    1.3093   -0.3547
    1.3618   -0.3825
    1.4143   -0.3986
    1.4668   -0.4037
    1.5188   -0.3984
    1.5708   -0.3891
    1.6229   -0.3899
    1.6749   -0.4092
    1.7269   -0.4415
    1.7789   -0.4337
    1.8302   -0.4226
    1.8815   -0.4051
    1.9328   -0.3802
    1.9840   -0.3412
    2.0353   -0.2927
    2.0866   -0.2429
    2.1379   -0.1990
    2.1892   -0.1613
    2.2404   -0.1098
    2.2917   -0.0326
    2.3430    0.0493
    2.3943    0.1213
    2.4456    0.1679
    2.4902    0.1627
    2.5347    0.1601
    2.5793    0.1593
    2.6239    0.1593
    2.6685    0.1602
    2.7131    0.1617
    2.7577    0.1623
 
    0.0000   -0.4336
    0.0577   -0.4200
    0.1155   -0.3998
    0.1732   -0.3764
    0.2309   -0.3406
    0.2887   -0.2834
    0.3464   -0.2024
    0.4041   -0.1071
    0.4619   -0.0185
    0.5196    0.0418
    0.5774    0.0627
    0.6398    0.1259
    0.7022    0.1963
    0.7646    0.2663
    0.8270    0.3001
    0.8895    0.3005
    0.9419    0.2892
    0.9944    0.2500
    1.0469    0.1235
    1.0994    0.0761
    1.1519    0.0902
    1.2044    0.1134
    1.2569    0.1285
    1.3093    0.1568
    1.3618    0.1900
    1.4143    0.2127
    1.4668    0.2208
    1.5188    0.2332
    1.5708    0.2603
    1.6229    0.0886
    1.6749   -0.2218
    1.7269   -0.3861
    1.7789   -0.4336
    1.8302   -0.4223
    1.8815   -0.4047
    1.9328   -0.3798
    1.9840   -0.3408
    2.0353   -0.2924
    2.0866   -0.2427
    2.1379   -0.1990
    2.1892   -0.1613
    2.2404   -0.1098
    2.2917   -0.0326
    2.3430    0.0493
    2.3943    0.1213
    2.4456    0.1680
    2.4902    0.1747
    2.5347    0.1786
    2.5793    0.1766
    2.6239    0.1693
    2.6685    0.1620
    2.7131    0.1717
    2.7577    0.1729
 
    0.0000    0.3300
    0.0577    0.3302
    0.1155    0.3352
    0.1732    0.3417
    0.2309    0.3472
    0.2887    0.3513
    0.3464    0.3558
    0.4041    0.3633
    0.4619    0.3743
    0.5196    0.3850
    0.5774    0.3895
    0.6398    0.3783
    0.7022    0.3621
    0.7646    0.3678
    0.8270    0.3936
    0.8895    0.4085
    0.9419    0.3985
    0.9944    0.2963
    1.0469    0.2234
    1.0994    0.1761
    1.1519    0.1399
    1.2044    0.1247
    1.2569    0.1482
    1.3093    0.1861
    1.3618    0.2230
    1.4143    0.2217
    1.4668    0.2216
    1.5188    0.2340
    1.5708    0.2610
    1.6229    0.2820
    1.6749    0.2907
    1.7269    0.2997
    1.7789    0.3300
    1.8302    0.3294
    1.8815    0.3321
    1.9328    0.3358
    1.9840    0.3382
    2.0353    0.3374
    2.0866    0.3333
    2.1379    0.3269
    2.1892    0.3193
    2.2404    0.3095
    2.2917    0.2950
    2.3430    0.2723
    2.3943    0.2389
    2.4456    0.2062
    2.4902    0.2071
    2.5347    0.2215
    2.5793    0.2363
    2.6239    0.2409
    2.6685    0.2349
    2.7131    0.2266
    2.7577    0.2233
 
    0.0000    0.3300
    0.0577    0.3303
    0.1155    0.3352
    0.1732    0.3417
    0.2309    0.3473
    0.2887    0.3513
    0.3464    0.3558
    0.4041    0.3633
    0.4619    0.3743
    0.5196    0.3850
    0.5774    0.3895
    0.6398    0.3819
    0.7022    0.3803
    0.7646    0.4161
    0.8270    0.4758
    0.8895    0.5058
    0.9419    0.4533
    0.9944    0.3725
    1.0469    0.3383
    1.0994    0.3038
    1.1519    0.2738
    1.2044    0.2509
    1.2569    0.2357
    1.3093    0.2271
    1.3618    0.2367
    1.4143    0.2951
    1.4668    0.3252
    1.5188    0.3512
    1.5708    0.4066
    1.6229    0.2827
    1.6749    0.2912
    1.7269    0.3002
    1.7789    0.3300
    1.8302    0.3294
    1.8815    0.3321
    1.9328    0.3358
    1.9840    0.3382
    2.0353    0.3374
    2.0866    0.3333
    2.1379    0.3269
    2.1892    0.3193
    2.2404    0.3095
    2.2917    0.2950
    2.3430    0.2723
    2.3943    0.2389
    2.4456    0.2062
    2.4902    0.2245
    2.5347    0.2554
    2.5793    0.2845
    2.6239    0.2991
    2.6685    0.2970
    2.7131    0.2871
    2.7577    0.2819
 
    0.0000    0.3305
    0.0577    0.3368
    0.1155    0.3516
    0.1732    0.3763
    0.2309    0.4102
    0.2887    0.4514
    0.3464    0.4998
    0.4041    0.5574
    0.4619    0.6235
    0.5196    0.6841
    0.5774    0.7101
    0.6398    0.6537
    0.7022    0.5890
    0.7646    0.5431
    0.8270    0.5373
    0.8895    0.5463
    0.9419    0.5048
    0.9944    0.4988
    1.0469    0.4899
    1.0994    0.4775
    1.1519    0.4606
    1.2044    0.4381
    1.2569    0.4106
    1.3093    0.3808
    1.3618    0.3533
    1.4143    0.3331
    1.4668    0.3256
    1.5188    0.3516
    1.5708    0.4070
    1.6229    0.4443
    1.6749    0.4337
    1.7269    0.3837
    1.7789    0.3305
    1.8302    0.3363
    1.8815    0.3493
    1.9328    0.3706
    1.9840    0.4003
    2.0353    0.4385
    2.0866    0.4862
    2.1379    0.5464
    2.1892    0.6221
    2.2404    0.7129
    2.2917    0.8105
    2.3430    0.8975
    2.3943    0.9547
    2.4456    0.9734
    2.4902    0.9730
    2.5347    0.9792
    2.5793    0.9809
    2.6239    0.9698
    2.6685    0.9477
    2.7131    0.9258
    2.7577    0.9168
 
    0.0000    0.3305
    0.0577    0.3368
    0.1155    0.3517
    0.1732    0.3764
    0.2309    0.4102
    0.2887    0.4514
    0.3464    0.4999
    0.4041    0.5576
    0.4619    0.6236
    0.5196    0.6842
    0.5774    0.7101
    0.6398    0.7467
    0.7022    0.7743
    0.7646    0.8084
    0.8270    0.8449
    0.8895    0.8614
    0.9419    0.9242
    0.9944    1.0038
    1.0469    1.0407
    1.0994    1.0451
    1.1519    1.0319
    1.2044    1.0040
    1.2569    0.9564
    1.3093    0.8858
    1.3618    0.7982
    1.4143    0.7139
    1.4668    0.6747
    1.5188    0.6285
    1.5708    0.4300
    1.6229    0.4447
    1.6749    0.4341
    1.7269    0.3842
    1.7789    0.3305
    1.8302    0.3363
    1.8815    0.3493
    1.9328    0.3706
    1.9840    0.4004
    2.0353    0.4386
    2.0866    0.4864
    2.1379    0.5466
    2.1892    0.6222
    2.2404    0.7130
    2.2917    0.8105
    2.3430    0.8975
    2.3943    0.9547
    2.4456    0.9734
    2.4902    0.9846
    2.5347    0.9996
    2.5793    1.0056
    2.6239    0.9944
    2.6685    0.9698
    2.7131    0.9454
    2.7577    0.9354
 
    0.0000    4.6349
    0.0577    4.6407
    0.1155    4.6482
    0.1732    4.6176
    0.2309    4.4737
    0.2887    4.1757
    0.3464    3.7878
    0.4041    3.3988
    0.4619    3.0701
    0.5196    2.8471
    0.5774    2.7671
    0.6398    2.6464
    0.7022    2.5800
    0.7646    2.5832
    0.8270    2.6346
    0.8895    2.6672
    0.9419    2.7198
    0.9944    2.8855
    1.0469    3.1092
    1.0994    3.0386
    1.1519    2.8511
    1.2044    2.6582
    1.2569    2.4900
    1.3093    2.3625
    1.3618    2.2795
    1.4143    2.2354
    1.4668    2.2219
    1.5188    2.2718
    1.5708    2.5415
    1.6229    3.1323
    1.6749    3.8547
    1.7269    4.3906
    1.7789    4.6349
    1.8302    4.6394
    1.8815    4.6476
    1.9328    4.6379
    1.9840    4.5664
    2.0353    4.3918
    2.0866    4.1311
    2.1379    3.8418
    2.1892    3.5680
    2.2404    3.3342
    2.2917    3.1600
    2.3430    3.0651
    2.3943    3.0541
    2.4456    3.0831
    2.4902    3.0963
    2.5347    3.1370
    2.5793    3.1875
    2.6239    3.2105
    2.6685    3.0569
    2.7131    2.9534
    2.7577    2.9169
 
    0.0000    4.6350
    0.0577    4.6410
    0.1155    4.6486
    0.1732    4.6180
    0.2309    4.4739
    0.2887    4.1758
    0.3464    3.7880
    0.4041    3.3990
    0.4619    3.0703
    0.5196    2.8471
    0.5774    2.7671
    0.6398    2.9151
    0.7022    3.0710
    0.7646    3.2242
    0.8270    3.3535
    0.8895    3.4084
    0.9419    3.4023
    0.9944    3.3713
    1.0469    3.3512
    1.0994    3.6814
    1.1519    4.1804
    1.2044    4.7227
    1.2569    5.2541
    1.3093    5.7296
    1.3618    6.1114
    1.4143    6.3648
    1.4668    6.4551
    1.5188    6.4801
    1.5708    6.5456
    1.6229    6.0338
    1.6749    5.3249
    1.7269    4.8473
    1.7789    4.6350
    1.8302    4.6397
    1.8815    4.6482
    1.9328    4.6385
    1.9840    4.5671
    2.0353    4.3925
    2.0866    4.1316
    2.1379    3.8422
    2.1892    3.5683
    2.2404    3.3343
    2.2917    3.1600
    2.3430    3.0651
    2.3943    3.0541
    2.4456    3.0831
    2.4902    3.1076
    2.5347    3.1706
    2.5793    3.2618
    2.6239    3.2303
    2.6685    3.2413
    2.7131    3.2371
    2.7577    3.2327
 
    0.0000    6.9113
    0.0577    6.7933
    0.1155    6.5509
    0.1732    6.2528
    0.2309    6.0159
    0.2887    5.9107
    0.3464    5.8898
    0.4041    5.8690
    0.4619    5.7846
    0.5196    5.7081
    0.5774    5.6804
    0.6398    5.4500
    0.7022    5.1428
    0.7646    4.7119
    0.8270    4.3844
    0.8895    4.2587
    0.9419    4.2520
    0.9944    4.2707
    1.0469    4.3914
    1.0994    4.6466
    1.1519    5.0134
    1.2044    5.4466
    1.2569    5.8542
    1.3093    6.1076
    1.3618    6.2873
    1.4143    6.4108
    1.4668    6.4560
    1.5188    6.4810
    1.5708    6.5465
    1.6229    6.6310
    1.6749    6.7206
    1.7269    6.8121
    1.7789    6.9113
    1.8302    6.8047
    1.8815    6.5921
    1.9328    6.3190
    1.9840    6.0699
    2.0353    5.9183
    2.0866    5.8508
    2.1379    5.7236
    2.1892    5.4382
    2.2404    5.1037
    2.2917    4.7697
    2.3430    4.4660
    2.3943    4.2295
    2.4456    4.1212
    2.4902    3.8661
    2.5347    3.6270
    2.5793    3.4078
    2.6239    3.3594
    2.6685    3.4384
    2.7131    3.4853
    2.7577    3.5000
 
    0.0000    6.9113
    0.0577    6.7933
    0.1155    6.5509
    0.1732    6.2528
    0.2309    6.0159
    0.2887    5.9107
    0.3464    5.8898
    0.4041    5.8691
    0.4619    5.7846
    0.5196    5.7081
    0.5774    5.6804
    0.6398    5.5696
    0.7022    5.2405
    0.7646    5.0782
    0.8270    4.9789
    0.8895    4.9460
    0.9419    4.9784
    0.9944    5.0717
    1.0469    5.2144
    1.0994    5.3901
    1.1519    5.5853
    1.2044    5.7971
    1.2569    6.0723
    1.3093    6.4884
    1.3618    6.8931
    1.4143    7.1775
    1.4668    7.2806
    1.5188    7.1682
    1.5708    6.7136
    1.6229    6.6318
    1.6749    6.7213
    1.7269    6.8127
    1.7789    6.9113
    1.8302    6.8047
    1.8815    6.5921
    1.9328    6.3190
    1.9840    6.0699
    2.0353    5.9184
    2.0866    5.8509
    2.1379    5.7236
    2.1892    5.4382
    2.2404    5.1037
    2.2917    4.7697
    2.3430    4.4660
    2.3943    4.2295
    2.4456    4.1212
    2.4902    4.3864
    2.5347    4.6512
    2.5793    4.9007
    2.6239    5.1179
    2.6685    5.2700
    2.7131    5.2393
    2.7577    5.2332
 
    0.0000    6.9117
    0.0577    6.9084
    0.1155    6.8202
    0.1732    6.6746
    0.2309    6.4938
    0.2887    6.3001
    0.3464    6.1157
    0.4041    5.9738
    0.4619    5.9236
    0.5196    5.9065
    0.5774    5.9001
    0.6398    5.9055
    0.7022    6.1068
    0.7646    6.0987
    0.8270    5.9894
    0.8895    5.9310
    0.9419    5.9871
    0.9944    6.1359
    1.0469    6.3356
    1.0994    6.5475
    1.1519    6.7463
    1.2044    6.9182
    1.2569    7.0499
    1.3093    7.1553
    1.3618    7.2314
    1.4143    7.2709
    1.4668    7.2809
    1.5188    7.2751
    1.5708    7.2527
    1.6229    7.2026
    1.6749    7.1210
    1.7269    7.0181
    1.7789    6.9117
    1.8302    6.9225
    1.8815    6.8688
    1.9328    6.7638
    1.9840    6.6100
    2.0353    6.4097
    2.0866    6.1803
    2.1379    6.0210
    2.1892    6.0016
    2.2404    6.0132
    2.2917    6.0240
    2.3430    6.0314
    2.3943    6.0367
    2.4456    6.0403
    2.4902    5.9706
    2.5347    5.7914
    2.5793    5.5719
    2.6239    5.3873
    2.6685    5.2874
    2.7131    5.2542
    2.7577    5.2501
 
    0.0000    6.9117
    0.0577    6.9084
    0.1155    6.8202
    0.1732    6.6746
    0.2309    6.4938
    0.2887    6.3001
    0.3464    6.1157
    0.4041    5.9738
    0.4619    5.9237
    0.5196    5.9065
    0.5774    5.9002
    0.6398    6.0929
    0.7022    6.1519
    0.7646    6.2706
    0.8270    6.3805
    0.8895    6.4197
    0.9419    6.4477
    0.9944    6.5201
    1.0469    6.6141
    1.0994    6.7155
    1.1519    6.8226
    1.2044    6.9394
    1.2569    7.0704
    1.3093    7.1845
    1.3618    7.2652
    1.4143    7.3112
    1.4668    7.3254
    1.5188    7.2753
    1.5708    7.2528
    1.6229    7.2026
    1.6749    7.1211
    1.7269    7.0184
    1.7789    6.9117
    1.8302    6.9225
    1.8815    6.8688
    1.9328    6.7638
    1.9840    6.6100
    2.0353    6.4097
    2.0866    6.1803
    2.1379    6.0211
    2.1892    6.0016
    2.2404    6.0132
    2.2917    6.0240
    2.3430    6.0314
    2.3943    6.0367
    2.4456    6.0403
    2.4902    5.9721
    2.5347    5.7930
    2.5793    5.5729
    2.6239    5.3898
    2.6685    5.2968
    2.7131    5.3965
    2.7577    5.4332
 
    0.0000   13.3608
    0.0577   13.4377
    0.1155   13.6528
    0.1732   13.9635
    0.2309   14.3127
    0.2887   14.6441
    0.3464   14.9158
    0.4041   15.1094
    0.4619   15.2283
    0.5196   15.2886
    0.5774   15.3065
    0.6398   15.1536
    0.7022   15.1371
    0.7646   15.2770
    0.8270   15.4576
    0.8895   15.5389
    0.9419   15.3443
    0.9944   14.9775
    1.0469   14.5370
    1.0994   14.0374
    1.1519   13.4878
    1.2044   12.8992
    1.2569   12.2927
    1.3093   11.7110
    1.3618   11.2189
    1.4143   10.8874
    1.4668   10.7703
    1.5188   10.9283
    1.5708   11.3478
    1.6229   11.9000
    1.6749   12.4594
    1.7269   12.9619
    1.7789   13.3608
    1.8302   13.4217
    1.8815   13.5948
    1.9328   13.8546
    1.9840   14.1686
    2.0353   14.5081
    2.0866   14.8553
    2.1379   15.2045
    2.1892   15.5567
    2.2404   15.9094
    2.2917   16.2482
    2.3430   16.5426
    2.3943   16.7507
    2.4456   16.8316
    2.4902   16.8456
    2.5347   16.8824
    2.5793   16.9294
    2.6239   16.9728
    2.6685   17.0041
    2.7131   17.0214
    2.7577   17.0268
 
    0.0000   13.4668
    0.0577   13.5402
    0.1155   13.7455
    0.1732   14.0428
    0.2309   14.3785
    0.2887   14.7004
    0.3464   14.9708
    0.4041   15.1709
    0.4619   15.2999
    0.5196   15.3687
    0.5774   15.3899
    0.6398   15.6284
    0.7022   15.8684
    0.7646   16.0041
    0.8270   16.0458
    0.8895   16.0493
    0.9419   16.2237
    0.9944   16.5078
    1.0469   16.7466
    1.0994   16.8587
    1.1519   16.7902
    1.2044   16.5350
    1.2569   16.1402
    1.3093   15.6896
    1.3618   15.2782
    1.4143   14.9913
    1.4668   14.8884
    1.5188   14.8517
    1.5708   14.7321
    1.6229   14.5151
    1.6749   14.2049
    1.7269   13.8304
    1.7789   13.4668
    1.8302   13.5249
    1.8815   13.6901
    1.9328   13.9385
    1.9840   14.2398
    2.0353   14.5671
    2.0866   14.9043
    2.1379   15.2462
    2.1892   15.5935
    2.2404   15.9425
    2.2917   16.2771
    2.3430   16.5651
    2.3943   16.7636
    2.4456   16.8317
    2.4902   16.8457
    2.5347   16.8827
    2.5793   16.9297
    2.6239   16.9733
    2.6685   17.0046
    2.7131   17.0220
    2.7577   17.0273
 
