  0.00000000E+00 -0.35818206E+01
  0.10020027E-01 -0.35841731E+01
  0.20040054E-01 -0.35911901E+01
  0.30060081E-01 -0.36027536E+01
  0.40080108E-01 -0.36186751E+01
  0.50100135E-01 -0.36387072E+01
  0.60120162E-01 -0.36625573E+01
  0.70140189E-01 -0.36899018E+01
  0.80160216E-01 -0.37204003E+01
  0.90180243E-01 -0.37537073E+01
  0.10020027E+00 -0.37894823E+01
  0.11022030E+00 -0.38273974E+01
  0.12024032E+00 -0.38671421E+01
  0.13026035E+00 -0.39084274E+01
  0.14028038E+00 -0.39509867E+01
  0.15030041E+00 -0.39945768E+01
  0.16032043E+00 -0.40389773E+01
  0.17034046E+00 -0.40839897E+01
  0.18036049E+00 -0.41294361E+01
  0.19038051E+00 -0.41751575E+01
  0.20040054E+00 -0.42210125E+01
  0.21042057E+00 -0.42668753E+01
  0.22044059E+00 -0.43126346E+01
  0.23046062E+00 -0.43581917E+01
  0.24048065E+00 -0.44034598E+01
  0.25050068E+00 -0.44483621E+01
  0.26052070E+00 -0.44928311E+01
  0.27054073E+00 -0.45368077E+01
  0.28056076E+00 -0.45802400E+01
  0.29058078E+00 -0.46230827E+01
  0.30060081E+00 -0.46652964E+01
  0.31062084E+00 -0.47068472E+01
  0.32064086E+00 -0.47477056E+01
  0.33066089E+00 -0.47878467E+01
  0.34068092E+00 -0.48272490E+01
  0.35070095E+00 -0.48658949E+01
  0.36072097E+00 -0.49037695E+01
  0.37074100E+00 -0.49408609E+01
  0.38076103E+00 -0.49771598E+01
  0.39078105E+00 -0.50126589E+01
  0.40080108E+00 -0.50473531E+01
  0.41082111E+00 -0.50812393E+01
  0.42084114E+00 -0.51143158E+01
  0.43086116E+00 -0.51465828E+01
  0.44088119E+00 -0.51780415E+01
  0.45090122E+00 -0.52086945E+01
  0.46092124E+00 -0.52385457E+01
  0.47094127E+00 -0.52675996E+01
  0.48096130E+00 -0.52958622E+01
  0.49098132E+00 -0.53233398E+01
  0.50100135E+00 -0.53500397E+01
  0.51102138E+00 -0.53759698E+01
  0.52104141E+00 -0.54011387E+01
  0.53106143E+00 -0.54255554E+01
  0.54108146E+00 -0.54492294E+01
  0.55110149E+00 -0.54721707E+01
  0.56112151E+00 -0.54943894E+01
  0.57114154E+00 -0.55158963E+01
  0.58116157E+00 -0.55367021E+01
  0.59118159E+00 -0.55568179E+01
  0.60120162E+00 -0.55762549E+01
  0.61122165E+00 -0.55950245E+01
  0.62124168E+00 -0.56131382E+01
  0.63126170E+00 -0.56306075E+01
  0.64128173E+00 -0.56474439E+01
  0.65130176E+00 -0.56636591E+01
  0.66132178E+00 -0.56792644E+01
  0.67134181E+00 -0.56942715E+01
  0.68136184E+00 -0.57086917E+01
  0.69138186E+00 -0.57225363E+01
  0.70140189E+00 -0.57358164E+01
  0.71142192E+00 -0.57485431E+01
  0.72144195E+00 -0.57607271E+01
  0.73146197E+00 -0.57723791E+01
  0.74148200E+00 -0.57835095E+01
  0.75150203E+00 -0.57941285E+01
  0.76152205E+00 -0.58042460E+01
  0.77154208E+00 -0.58138717E+01
  0.78156211E+00 -0.58230149E+01
  0.79158214E+00 -0.58316848E+01
  0.80160216E+00 -0.58398902E+01
  0.81162219E+00 -0.58476394E+01
  0.82164222E+00 -0.58549406E+01
  0.83166224E+00 -0.58618015E+01
  0.84168227E+00 -0.58682297E+01
  0.85170230E+00 -0.58742320E+01
  0.86172232E+00 -0.58798153E+01
  0.87174235E+00 -0.58849857E+01
  0.88176238E+00 -0.58897491E+01
  0.89178241E+00 -0.58941109E+01
  0.90180243E+00 -0.58980764E+01
  0.91182246E+00 -0.59016500E+01
  0.92184249E+00 -0.59048361E+01
  0.93186251E+00 -0.59076383E+01
  0.94188254E+00 -0.59100601E+01
  0.95190257E+00 -0.59121043E+01
  0.96192259E+00 -0.59137735E+01
  0.97194262E+00 -0.59150697E+01
  0.98196265E+00 -0.59159943E+01
  0.99198268E+00 -0.59165487E+01
  0.10020027E+01 -0.59167334E+01
  0.10120637E+01 -0.59165472E+01
  0.10221247E+01 -0.59159883E+01
  0.10321857E+01 -0.59150562E+01
  0.10422466E+01 -0.59137497E+01
  0.10523076E+01 -0.59120676E+01
  0.10623686E+01 -0.59100078E+01
  0.10724296E+01 -0.59075683E+01
  0.10824906E+01 -0.59047462E+01
  0.10925516E+01 -0.59015387E+01
  0.11026125E+01 -0.58979422E+01
  0.11126735E+01 -0.58939529E+01
  0.11227345E+01 -0.58895666E+01
  0.11327955E+01 -0.58847787E+01
  0.11428565E+01 -0.58795842E+01
  0.11529174E+01 -0.58739778E+01
  0.11629784E+01 -0.58679538E+01
  0.11730394E+01 -0.58615062E+01
  0.11831004E+01 -0.58546285E+01
  0.11931614E+01 -0.58473141E+01
  0.12032224E+01 -0.58395558E+01
  0.12132833E+01 -0.58313462E+01
  0.12233443E+01 -0.58226778E+01
  0.12334053E+01 -0.58135425E+01
  0.12434663E+01 -0.58039321E+01
  0.12535273E+01 -0.57938379E+01
  0.12635883E+01 -0.57832512E+01
  0.12736492E+01 -0.57721629E+01
  0.12837102E+01 -0.57605636E+01
  0.12937712E+01 -0.57484439E+01
  0.13038322E+01 -0.57357939E+01
  0.13138932E+01 -0.57226038E+01
  0.13239542E+01 -0.57088632E+01
  0.13340151E+01 -0.56945619E+01
  0.13440761E+01 -0.56796894E+01
  0.13541371E+01 -0.56642351E+01
  0.13641981E+01 -0.56481880E+01
  0.13742591E+01 -0.56315373E+01
  0.13843201E+01 -0.56142720E+01
  0.13943810E+01 -0.55963809E+01
  0.14044420E+01 -0.55778529E+01
  0.14145030E+01 -0.55586766E+01
  0.14245640E+01 -0.55388409E+01
  0.14346250E+01 -0.55183343E+01
  0.14446860E+01 -0.54971454E+01
  0.14547469E+01 -0.54752630E+01
  0.14648079E+01 -0.54526757E+01
  0.14748689E+01 -0.54293721E+01
  0.14849299E+01 -0.54053410E+01
  0.14949909E+01 -0.53805713E+01
  0.15050519E+01 -0.53550517E+01
  0.15151128E+01 -0.53287712E+01
  0.15251738E+01 -0.53017190E+01
  0.15352348E+01 -0.52738841E+01
  0.15452958E+01 -0.52452560E+01
  0.15553568E+01 -0.52158242E+01
  0.15654178E+01 -0.51855783E+01
  0.15754787E+01 -0.51545082E+01
  0.15855397E+01 -0.51226039E+01
  0.15956007E+01 -0.50898558E+01
  0.16056617E+01 -0.50562543E+01
  0.16157227E+01 -0.50217902E+01
  0.16257837E+01 -0.49864545E+01
  0.16358446E+01 -0.49502386E+01
  0.16459056E+01 -0.49131339E+01
  0.16559666E+01 -0.48751324E+01
  0.16660276E+01 -0.48362264E+01
  0.16760886E+01 -0.47964083E+01
  0.16861496E+01 -0.47556710E+01
  0.16962105E+01 -0.47140079E+01
  0.17062715E+01 -0.46714124E+01
  0.17163325E+01 -0.46278787E+01
  0.17263935E+01 -0.45834010E+01
  0.17364545E+01 -0.45379743E+01
  0.17465155E+01 -0.44915937E+01
  0.17565764E+01 -0.44442549E+01
  0.17666374E+01 -0.43959539E+01
  0.17766984E+01 -0.43466873E+01
  0.17867594E+01 -0.42964522E+01
  0.17968204E+01 -0.42452459E+01
  0.18068814E+01 -0.41930664E+01
  0.18169423E+01 -0.41399122E+01
  0.18270033E+01 -0.40857822E+01
  0.18370643E+01 -0.40306757E+01
  0.18471253E+01 -0.39745929E+01
  0.18571863E+01 -0.39175340E+01
  0.18672473E+01 -0.38595002E+01
  0.18773082E+01 -0.38004929E+01
  0.18873692E+01 -0.37405142E+01
  0.18974302E+01 -0.36795666E+01
  0.19074912E+01 -0.36176534E+01
  0.19175522E+01 -0.35547781E+01
  0.19276132E+01 -0.34909452E+01
  0.19376741E+01 -0.34261593E+01
  0.19477351E+01 -0.33604258E+01
  0.19577961E+01 -0.32937506E+01
  0.19678571E+01 -0.32261404E+01
  0.19779181E+01 -0.31576020E+01
  0.19879790E+01 -0.30881433E+01
  0.19980400E+01 -0.30177723E+01
  0.20081010E+01 -0.29464978E+01
  0.20181620E+01 -0.28743292E+01
  0.20282230E+01 -0.28012765E+01
  0.20382840E+01 -0.27273500E+01
  0.20483449E+01 -0.26525608E+01
  0.20584059E+01 -0.25769206E+01
  0.20684669E+01 -0.25004416E+01
  0.20785279E+01 -0.24231364E+01
  0.20885889E+01 -0.23450184E+01
  0.20986499E+01 -0.22661014E+01
  0.21087108E+01 -0.21863997E+01
  0.21187718E+01 -0.21059285E+01
  0.21288328E+01 -0.20247031E+01
  0.21388938E+01 -0.19427395E+01
  0.21489548E+01 -0.18600543E+01
  0.21590158E+01 -0.17766645E+01
  0.21690674E+01 -0.18031056E+01
  0.21791190E+01 -0.18294993E+01
  0.21891707E+01 -0.18558169E+01
  0.21992223E+01 -0.18820302E+01
  0.22092740E+01 -0.19081117E+01
  0.22193256E+01 -0.19340345E+01
  0.22293772E+01 -0.19597724E+01
  0.22394289E+01 -0.19852999E+01
  0.22494805E+01 -0.20105922E+01
  0.22595322E+01 -0.20356253E+01
  0.22695838E+01 -0.20603760E+01
  0.22796354E+01 -0.20848218E+01
  0.22896871E+01 -0.21089410E+01
  0.22997387E+01 -0.21327128E+01
  0.23097903E+01 -0.21561172E+01
  0.23198420E+01 -0.21791350E+01
  0.23298936E+01 -0.22017478E+01
  0.23399453E+01 -0.22239380E+01
  0.23499969E+01 -0.22456888E+01
  0.23600485E+01 -0.22669845E+01
  0.23701002E+01 -0.22878098E+01
  0.23801518E+01 -0.23081506E+01
  0.23902035E+01 -0.23279932E+01
  0.24002551E+01 -0.23473252E+01
  0.24103067E+01 -0.23661344E+01
  0.24203584E+01 -0.23844100E+01
  0.24304100E+01 -0.24021414E+01
  0.24404617E+01 -0.24193192E+01
  0.24505133E+01 -0.24359345E+01
  0.24605649E+01 -0.24519791E+01
  0.24706166E+01 -0.24674458E+01
  0.24806682E+01 -0.24823278E+01
  0.24907198E+01 -0.24966191E+01
  0.25007715E+01 -0.25103145E+01
  0.25108231E+01 -0.25234092E+01
  0.25208748E+01 -0.25358992E+01
  0.25309264E+01 -0.25477813E+01
  0.25409780E+01 -0.25590526E+01
  0.25510297E+01 -0.25697109E+01
  0.25610813E+01 -0.25797547E+01
  0.25711330E+01 -0.25891830E+01
  0.25811846E+01 -0.25979953E+01
  0.25912362E+01 -0.26061917E+01
  0.26012879E+01 -0.26137728E+01
  0.26113395E+01 -0.26207397E+01
  0.26213912E+01 -0.26270940E+01
  0.26314428E+01 -0.26328378E+01
  0.26414944E+01 -0.26379737E+01
  0.26515461E+01 -0.26425044E+01
  0.26615977E+01 -0.26464336E+01
  0.26716493E+01 -0.26497650E+01
  0.26817010E+01 -0.26525027E+01
  0.26917526E+01 -0.26546515E+01
  0.27018043E+01 -0.26562162E+01
  0.27118559E+01 -0.26572022E+01
  0.27219075E+01 -0.26576151E+01
  0.27319592E+01 -0.26574609E+01
  0.27420108E+01 -0.26567458E+01
  0.27520625E+01 -0.26554765E+01
  0.27621141E+01 -0.26536598E+01
  0.27721657E+01 -0.26513029E+01
  0.27822174E+01 -0.26484130E+01
  0.27922690E+01 -0.26449978E+01
  0.28023207E+01 -0.26410650E+01
  0.28123723E+01 -0.26366228E+01
  0.28224239E+01 -0.26316794E+01
  0.28324756E+01 -0.26262431E+01
  0.28425272E+01 -0.26203224E+01
  0.28525788E+01 -0.26139261E+01
  0.28626305E+01 -0.26070629E+01
  0.28726821E+01 -0.25997418E+01
  0.28827338E+01 -0.25919718E+01
  0.28927854E+01 -0.25837620E+01
  0.29028370E+01 -0.25751214E+01
  0.29128887E+01 -0.25660594E+01
  0.29229403E+01 -0.25565850E+01
  0.29329920E+01 -0.25467075E+01
  0.29430436E+01 -0.25364360E+01
  0.29530952E+01 -0.25257797E+01
  0.29631469E+01 -0.25147477E+01
  0.29731985E+01 -0.25033488E+01
  0.29832502E+01 -0.24915921E+01
  0.29933018E+01 -0.24794861E+01
  0.30033534E+01 -0.24670396E+01
  0.30134051E+01 -0.24542610E+01
  0.30234567E+01 -0.24411583E+01
  0.30335083E+01 -0.24277397E+01
  0.30435600E+01 -0.24140128E+01
  0.30536116E+01 -0.23999851E+01
  0.30636633E+01 -0.23856637E+01
  0.30737149E+01 -0.23710554E+01
  0.30837739E+01 -0.24045539E+01
  0.30938329E+01 -0.24390299E+01
  0.31038919E+01 -0.24744682E+01
  0.31139509E+01 -0.25108510E+01
  0.31240099E+01 -0.25481582E+01
  0.31340689E+01 -0.25863672E+01
  0.31441279E+01 -0.26254534E+01
  0.31541869E+01 -0.26653899E+01
  0.31642459E+01 -0.27061477E+01
  0.31743049E+01 -0.27476959E+01
  0.31843639E+01 -0.27900018E+01
  0.31944229E+01 -0.28330311E+01
  0.32044819E+01 -0.28767478E+01
  0.32145409E+01 -0.29211145E+01
  0.32245999E+01 -0.29660928E+01
  0.32346589E+01 -0.30116429E+01
  0.32447179E+01 -0.30577241E+01
  0.32547769E+01 -0.31042950E+01
  0.32648359E+01 -0.31513135E+01
  0.32748948E+01 -0.31987371E+01
  0.32849538E+01 -0.32465227E+01
  0.32950128E+01 -0.32946272E+01
  0.33050718E+01 -0.33430073E+01
  0.33151308E+01 -0.33916197E+01
  0.33251898E+01 -0.34404214E+01
  0.33352488E+01 -0.34893695E+01
  0.33453078E+01 -0.35384217E+01
  0.33553668E+01 -0.35875360E+01
  0.33654258E+01 -0.36366710E+01
  0.33754848E+01 -0.36857860E+01
  0.33855438E+01 -0.37348412E+01
  0.33956028E+01 -0.37837974E+01
  0.34056618E+01 -0.38326165E+01
  0.34157208E+01 -0.38812611E+01
  0.34257798E+01 -0.39296950E+01
  0.34358388E+01 -0.39778832E+01
  0.34458978E+01 -0.40257915E+01
  0.34559568E+01 -0.40733871E+01
  0.34660158E+01 -0.41206383E+01
  0.34760748E+01 -0.41675145E+01
  0.34861338E+01 -0.42139865E+01
  0.34961928E+01 -0.42600263E+01
  0.35062518E+01 -0.43056072E+01
  0.35163108E+01 -0.43507038E+01
  0.35263698E+01 -0.43952919E+01
  0.35364288E+01 -0.44393486E+01
  0.35464878E+01 -0.44828524E+01
  0.35565468E+01 -0.45257830E+01
  0.35666058E+01 -0.45681214E+01
  0.35766648E+01 -0.46098499E+01
  0.35867238E+01 -0.46509521E+01
  0.35967828E+01 -0.46914128E+01
  0.36068418E+01 -0.47312180E+01
  0.36169008E+01 -0.47703549E+01
  0.36269598E+01 -0.48088120E+01
  0.36370188E+01 -0.48465789E+01
  0.36470777E+01 -0.48836464E+01
  0.36571367E+01 -0.49200064E+01
  0.36671957E+01 -0.49556517E+01
  0.36772547E+01 -0.49905765E+01
  0.36873137E+01 -0.50247757E+01
  0.36973727E+01 -0.50582456E+01
  0.37074317E+01 -0.50909830E+01
  0.37174907E+01 -0.51229860E+01
  0.37275497E+01 -0.51542535E+01
  0.37376087E+01 -0.51847851E+01
  0.37476677E+01 -0.52145814E+01
  0.37577267E+01 -0.52436439E+01
  0.37677857E+01 -0.52719746E+01
  0.37778447E+01 -0.52995764E+01
  0.37879037E+01 -0.53264529E+01
  0.37979627E+01 -0.53526081E+01
  0.38080217E+01 -0.53780470E+01
  0.38180807E+01 -0.54027749E+01
  0.38281397E+01 -0.54267977E+01
  0.38381987E+01 -0.54501218E+01
  0.38482577E+01 -0.54727542E+01
  0.38583167E+01 -0.54947021E+01
  0.38683757E+01 -0.55159732E+01
  0.38784347E+01 -0.55365757E+01
  0.38884937E+01 -0.55565179E+01
  0.38985527E+01 -0.55758085E+01
  0.39086117E+01 -0.55944565E+01
  0.39186707E+01 -0.56124710E+01
  0.39287297E+01 -0.56298613E+01
  0.39387887E+01 -0.56466370E+01
  0.39488477E+01 -0.56628078E+01
  0.39589067E+01 -0.56783832E+01
  0.39689657E+01 -0.56933732E+01
  0.39790247E+01 -0.57077876E+01
  0.39890837E+01 -0.57216361E+01
  0.39991427E+01 -0.57349287E+01
  0.40092017E+01 -0.57476751E+01
  0.40192606E+01 -0.57598849E+01
  0.40293196E+01 -0.57715678E+01
  0.40393786E+01 -0.57827332E+01
  0.40494376E+01 -0.57933906E+01
  0.40594966E+01 -0.58035489E+01
  0.40695556E+01 -0.58132173E+01
  0.40796146E+01 -0.58224045E+01
  0.40896736E+01 -0.58311189E+01
  0.40997326E+01 -0.58393689E+01
  0.41097916E+01 -0.58471625E+01
  0.41198506E+01 -0.58545073E+01
  0.41299096E+01 -0.58614110E+01
  0.41399686E+01 -0.58678804E+01
  0.41500276E+01 -0.58739225E+01
  0.41600866E+01 -0.58795437E+01
  0.41701456E+01 -0.58847500E+01
  0.41802046E+01 -0.58895471E+01
  0.41902636E+01 -0.58939404E+01
  0.42003226E+01 -0.58979349E+01
  0.42103816E+01 -0.59015350E+01
  0.42204406E+01 -0.59047449E+01
  0.42304996E+01 -0.59075683E+01
  0.42405586E+01 -0.59100085E+01
  0.42506176E+01 -0.59120685E+01
  0.42606766E+01 -0.59137505E+01
  0.42707356E+01 -0.59150567E+01
  0.42807946E+01 -0.59159886E+01
  0.42908536E+01 -0.59165473E+01
  0.43009126E+01 -0.59167334E+01
  
  0.00000000E+00 -0.94889973E+00
  0.10020027E-01 -0.94539548E+00
  0.20040054E-01 -0.93492413E+00
  0.30060081E-01 -0.91760723E+00
  0.40080108E-01 -0.89363894E+00
  0.50100135E-01 -0.86327460E+00
  0.60120162E-01 -0.82681704E+00
  0.70140189E-01 -0.78460219E+00
  0.80160216E-01 -0.73698522E+00
  0.90180243E-01 -0.68432849E+00
  0.10020027E+00 -0.62699158E+00
  0.11022030E+00 -0.56532380E+00
  0.12024032E+00 -0.49965884E+00
  0.13026035E+00 -0.43031152E+00
  0.14028038E+00 -0.35757600E+00
  0.15030041E+00 -0.28172531E+00
  0.16032043E+00 -0.20301166E+00
  0.17034046E+00 -0.12166741E+00
  0.18036049E+00 -0.37906373E-01
  0.19038051E+00  0.48074726E-01
  0.20040054E+00  0.13609464E+00
  0.21042057E+00  0.22598608E+00
  0.22044059E+00  0.31759419E+00
  0.23046062E+00  0.41077519E+00
  0.24048065E+00  0.50539506E+00
  0.25050068E+00  0.60132841E+00
  0.26052070E+00  0.69845742E+00
  0.27054073E+00  0.79667090E+00
  0.28056076E+00  0.89586348E+00
  0.29058078E+00  0.99593488E+00
  0.30060081E+00  0.10967893E+01
  0.31062084E+00  0.11983347E+01
  0.32064086E+00  0.13004826E+01
  0.33066089E+00  0.14031475E+01
  0.34068092E+00  0.15062463E+01
  0.35070095E+00  0.16096985E+01
  0.36072097E+00  0.17134251E+01
  0.37074100E+00  0.18173495E+01
  0.38076103E+00  0.19213961E+01
  0.39078105E+00  0.20254910E+01
  0.40080108E+00  0.21295614E+01
  0.41082111E+00  0.22335356E+01
  0.42084114E+00  0.23373428E+01
  0.43086116E+00  0.24409133E+01
  0.44088119E+00  0.25441781E+01
  0.45090122E+00  0.26470689E+01
  0.46092124E+00  0.27495182E+01
  0.47094127E+00  0.28514590E+01
  0.48096130E+00  0.29528252E+01
  0.49098132E+00  0.30535511E+01
  0.50100135E+00  0.31535716E+01
  0.51102138E+00  0.32528224E+01
  0.52104141E+00  0.33512395E+01
  0.53106143E+00  0.34487599E+01
  0.54108146E+00  0.35453207E+01
  0.55110149E+00  0.36408601E+01
  0.56112151E+00  0.37353166E+01
  0.57114154E+00  0.38286295E+01
  0.58116157E+00  0.39207389E+01
  0.59118159E+00  0.40115854E+01
  0.60120162E+00  0.41011104E+01
  0.61122165E+00  0.41892562E+01
  0.62124168E+00  0.42759657E+01
  0.63126170E+00  0.43611828E+01
  0.64128173E+00  0.44448521E+01
  0.65130176E+00  0.45269193E+01
  0.66132178E+00  0.46073310E+01
  0.67134181E+00  0.46860345E+01
  0.68136184E+00  0.47629785E+01
  0.69138186E+00  0.48381126E+01
  0.70140189E+00  0.49113874E+01
  0.71142192E+00  0.49827547E+01
  0.72144195E+00  0.50521674E+01
  0.73146197E+00  0.51195797E+01
  0.74148200E+00  0.51849470E+01
  0.75150203E+00  0.52482260E+01
  0.76152205E+00  0.53093746E+01
  0.77154208E+00  0.53683520E+01
  0.78156211E+00  0.54251191E+01
  0.79158214E+00  0.54796379E+01
  0.80160216E+00  0.55318718E+01
  0.81162219E+00  0.55817860E+01
  0.82164222E+00  0.56293469E+01
  0.83166224E+00  0.56745225E+01
  0.84168227E+00  0.57172825E+01
  0.85170230E+00  0.57575980E+01
  0.86172232E+00  0.57954418E+01
  0.87174235E+00  0.58307884E+01
  0.88176238E+00  0.58636138E+01
  0.89178241E+00  0.58938959E+01
  0.90180243E+00  0.59216141E+01
  0.91182246E+00  0.59467496E+01
  0.92184249E+00  0.59692854E+01
  0.93186251E+00  0.59892061E+01
  0.94188254E+00  0.60064982E+01
  0.95190257E+00  0.60211500E+01
  0.96192259E+00  0.60331514E+01
  0.97194262E+00  0.60424943E+01
  0.98196265E+00  0.60491724E+01
  0.99198268E+00  0.60531811E+01
  0.10020027E+01  0.60545176E+01
  0.10120637E+01  0.60536411E+01
  0.10221247E+01  0.60510120E+01
  0.10321857E+01  0.60466312E+01
  0.10422466E+01  0.60405002E+01
  0.10523076E+01  0.60326213E+01
  0.10623686E+01  0.60229973E+01
  0.10724296E+01  0.60116315E+01
  0.10824906E+01  0.59985282E+01
  0.10925516E+01  0.59836919E+01
  0.11026125E+01  0.59671279E+01
  0.11126735E+01  0.59488421E+01
  0.11227345E+01  0.59288412E+01
  0.11327955E+01  0.59071321E+01
  0.11428565E+01  0.58837228E+01
  0.11529174E+01  0.58586214E+01
  0.11629784E+01  0.58318369E+01
  0.11730394E+01  0.58033790E+01
  0.11831004E+01  0.57732577E+01
  0.11931614E+01  0.57414837E+01
  0.12032224E+01  0.57080684E+01
  0.12132833E+01  0.56730237E+01
  0.12233443E+01  0.56363620E+01
  0.12334053E+01  0.55980963E+01
  0.12434663E+01  0.55582402E+01
  0.12535273E+01  0.55168079E+01
  0.12635883E+01  0.54738140E+01
  0.12736492E+01  0.54292739E+01
  0.12837102E+01  0.53832033E+01
  0.12937712E+01  0.53356185E+01
  0.13038322E+01  0.52865363E+01
  0.13138932E+01  0.52359740E+01
  0.13239542E+01  0.51839497E+01
  0.13340151E+01  0.51304815E+01
  0.13440761E+01  0.50755884E+01
  0.13541371E+01  0.50192896E+01
  0.13641981E+01  0.49616051E+01
  0.13742591E+01  0.49025550E+01
  0.13843201E+01  0.48421601E+01
  0.13943810E+01  0.47804417E+01
  0.14044420E+01  0.47174212E+01
  0.14145030E+01  0.46531208E+01
  0.14245640E+01  0.45875630E+01
  0.14346250E+01  0.45207706E+01
  0.14446860E+01  0.44527668E+01
  0.14547469E+01  0.43835755E+01
  0.14648079E+01  0.43132206E+01
  0.14748689E+01  0.42417265E+01
  0.14849299E+01  0.41691180E+01
  0.14949909E+01  0.40954203E+01
  0.15050519E+01  0.40206587E+01
  0.15151128E+01  0.39448591E+01
  0.15251738E+01  0.38680475E+01
  0.15352348E+01  0.37902503E+01
  0.15452958E+01  0.37114942E+01
  0.15553568E+01  0.36318061E+01
  0.15654178E+01  0.35512131E+01
  0.15754787E+01  0.34697428E+01
  0.15855397E+01  0.33874229E+01
  0.15956007E+01  0.33042811E+01
  0.16056617E+01  0.32203457E+01
  0.16157227E+01  0.31356449E+01
  0.16257837E+01  0.30502072E+01
  0.16358446E+01  0.29640614E+01
  0.16459056E+01  0.28772361E+01
  0.16559666E+01  0.27897603E+01
  0.16660276E+01  0.27016632E+01
  0.16760886E+01  0.26129739E+01
  0.16861496E+01  0.25237217E+01
  0.16962105E+01  0.24339361E+01
  0.17062715E+01  0.23436463E+01
  0.17163325E+01  0.22528821E+01
  0.17263935E+01  0.21616728E+01
  0.17364545E+01  0.20700482E+01
  0.17465155E+01  0.19780377E+01
  0.17565764E+01  0.18856710E+01
  0.17666374E+01  0.17929777E+01
  0.17766984E+01  0.16999874E+01
  0.17867594E+01  0.16067294E+01
  0.17968204E+01  0.15132334E+01
  0.18068814E+01  0.14195286E+01
  0.18169423E+01  0.13256444E+01
  0.18270033E+01  0.12316100E+01
  0.18370643E+01  0.11374544E+01
  0.18471253E+01  0.10432066E+01
  0.18571863E+01  0.94889544E+00
  0.18672473E+01  0.85454952E+00
  0.18773082E+01  0.76019734E+00
  0.18873692E+01  0.66586720E+00
  0.18974302E+01  0.57158718E+00
  0.19074912E+01  0.47738518E+00
  0.19175522E+01  0.38328884E+00
  0.19276132E+01  0.28932559E+00
  0.19376741E+01  0.19552258E+00
  0.19477351E+01  0.10190671E+00
  0.19577961E+01  0.85045911E-02
  0.19678571E+01 -0.84657450E-01
  0.19779181E+01 -0.17755340E+00
  0.19879790E+01 -0.27015756E+00
  0.19980400E+01 -0.36244456E+00
  0.20081010E+01 -0.45438938E+00
  0.20181620E+01 -0.54596735E+00
  0.20282230E+01 -0.63715416E+00
  0.20382840E+01 -0.72792589E+00
  0.20483449E+01 -0.81825900E+00
  0.20584059E+01 -0.90813037E+00
  0.20684669E+01 -0.99751725E+00
  0.20785279E+01 -0.10863974E+01
  0.20885889E+01 -0.11747488E+01
  0.20986499E+01 -0.12625502E+01
  0.21087108E+01 -0.13497805E+01
  0.21187718E+01 -0.14364192E+01
  0.21288328E+01 -0.15224463E+01
  0.21388938E+01 -0.16078422E+01
  0.21489548E+01 -0.16925878E+01
  0.21590158E+01 -0.17766645E+01
  0.21690674E+01 -0.17502052E+01
  0.21791190E+01 -0.17237575E+01
  0.21891707E+01 -0.16973515E+01
  0.21992223E+01 -0.16710177E+01
  0.22092740E+01 -0.16447870E+01
  0.22193256E+01 -0.16186905E+01
  0.22293772E+01 -0.15927593E+01
  0.22394289E+01 -0.15670249E+01
  0.22494805E+01 -0.15415185E+01
  0.22595322E+01 -0.15162716E+01
  0.22695838E+01 -0.14913151E+01
  0.22796354E+01 -0.14666801E+01
  0.22896871E+01 -0.14423970E+01
  0.22997387E+01 -0.14184960E+01
  0.23097903E+01 -0.13950068E+01
  0.23198420E+01 -0.13719581E+01
  0.23298936E+01 -0.13493784E+01
  0.23399453E+01 -0.13272950E+01
  0.23499969E+01 -0.13057344E+01
  0.23600485E+01 -0.12847220E+01
  0.23701002E+01 -0.12642822E+01
  0.23801518E+01 -0.12444380E+01
  0.23902035E+01 -0.12252114E+01
  0.24002551E+01 -0.12066227E+01
  0.24103067E+01 -0.11886909E+01
  0.24203584E+01 -0.11714336E+01
  0.24304100E+01 -0.11548665E+01
  0.24404617E+01 -0.11390040E+01
  0.24505133E+01 -0.11238586E+01
  0.24605649E+01 -0.11094410E+01
  0.24706166E+01 -0.10957606E+01
  0.24806682E+01 -0.10828245E+01
  0.24907198E+01 -0.10706384E+01
  0.25007715E+01 -0.10592062E+01
  0.25108231E+01 -0.10485300E+01
  0.25208748E+01 -0.10386101E+01
  0.25309264E+01 -0.10294454E+01
  0.25409780E+01 -0.10210330E+01
  0.25510297E+01 -0.10133685E+01
  0.25610813E+01 -0.10064458E+01
  0.25711330E+01 -0.10002576E+01
  0.25811846E+01 -0.99479511E+00
  0.25912362E+01 -0.99004833E+00
  0.26012879E+01 -0.98600599E+00
  0.26113395E+01 -0.98265573E+00
  0.26213912E+01 -0.97998415E+00
  0.26314428E+01 -0.97797693E+00
  0.26414944E+01 -0.97661892E+00
  0.26515461E+01 -0.97589419E+00
  0.26615977E+01 -0.97578618E+00
  0.26716493E+01 -0.97627776E+00
  0.26817010E+01 -0.97735134E+00
  0.26917526E+01 -0.97898893E+00
  0.27018043E+01 -0.98117225E+00
  0.27118559E+01 -0.98388281E+00
  0.27219075E+01 -0.98710196E+00
  0.27319592E+01 -0.99081103E+00
  0.27420108E+01 -0.99499133E+00
  0.27520625E+01 -0.99962429E+00
  0.27621141E+01 -0.10046915E+01
  0.27721657E+01 -0.10101746E+01
  0.27822174E+01 -0.10160558E+01
  0.27922690E+01 -0.10223175E+01
  0.28023207E+01 -0.10289423E+01
  0.28123723E+01 -0.10359134E+01
  0.28224239E+01 -0.10432146E+01
  0.28324756E+01 -0.10508299E+01
  0.28425272E+01 -0.10587442E+01
  0.28525788E+01 -0.10669427E+01
  0.28626305E+01 -0.10754115E+01
  0.28726821E+01 -0.10841370E+01
  0.28827338E+01 -0.10931066E+01
  0.28927854E+01 -0.11023083E+01
  0.29028370E+01 -0.11117309E+01
  0.29128887E+01 -0.11213638E+01
  0.29229403E+01 -0.11311974E+01
  0.29329920E+01 -0.11412228E+01
  0.29430436E+01 -0.11514319E+01
  0.29530952E+01 -0.11618175E+01
  0.29631469E+01 -0.11723732E+01
  0.29731985E+01 -0.11830936E+01
  0.29832502E+01 -0.11939741E+01
  0.29933018E+01 -0.12050109E+01
  0.30033534E+01 -0.12162014E+01
  0.30134051E+01 -0.12275436E+01
  0.30234567E+01 -0.12390366E+01
  0.30335083E+01 -0.12506805E+01
  0.30435600E+01 -0.12624762E+01
  0.30536116E+01 -0.12744258E+01
  0.30636633E+01 -0.12865320E+01
  0.30737149E+01 -0.12987988E+01
  0.30837739E+01 -0.12706468E+01
  0.30938329E+01 -0.12414436E+01
  0.31038919E+01 -0.12111714E+01
  0.31139509E+01 -0.11798127E+01
  0.31240099E+01 -0.11473504E+01
  0.31340689E+01 -0.11137683E+01
  0.31441279E+01 -0.10790506E+01
  0.31541869E+01 -0.10431822E+01
  0.31642459E+01 -0.10061489E+01
  0.31743049E+01 -0.96793707E+00
  0.31843639E+01 -0.92853396E+00
  0.31944229E+01 -0.88792773E+00
  0.32044819E+01 -0.84610742E+00
  0.32145409E+01 -0.80306302E+00
  0.32245999E+01 -0.75878553E+00
  0.32346589E+01 -0.71326696E+00
  0.32447179E+01 -0.66650041E+00
  0.32547769E+01 -0.61848010E+00
  0.32648359E+01 -0.56920138E+00
  0.32748948E+01 -0.51866079E+00
  0.32849538E+01 -0.46685610E+00
  0.32950128E+01 -0.41378632E+00
  0.33050718E+01 -0.35945174E+00
  0.33151308E+01 -0.30385397E+00
  0.33251898E+01 -0.24699596E+00
  0.33352488E+01 -0.18888200E+00
  0.33453078E+01 -0.12951779E+00
  0.33553668E+01 -0.68910425E-01
  0.33654258E+01 -0.70684427E-02
  0.33754848E+01  0.55998186E-01
  0.33855438E+01  0.12027803E+00
  0.33956028E+01  0.18575816E+00
  0.34056618E+01  0.25242419E+00
  0.34157208E+01  0.32026023E+00
  0.34257798E+01  0.38924886E+00
  0.34358388E+01  0.45937118E+00
  0.34458978E+01  0.53060677E+00
  0.34559568E+01  0.60293369E+00
  0.34660158E+01  0.67632849E+00
  0.34760748E+01  0.75076620E+00
  0.34861338E+01  0.82622038E+00
  0.34961928E+01  0.90266306E+00
  0.35062518E+01  0.98006479E+00
  0.35163108E+01  0.10583947E+01
  0.35263698E+01  0.11376203E+01
  0.35364288E+01  0.12177079E+01
  0.35464878E+01  0.12986223E+01
  0.35565468E+01  0.13803267E+01
  0.35666058E+01  0.14627832E+01
  0.35766648E+01  0.15459523E+01
  0.35867238E+01  0.16297935E+01
  0.35967828E+01  0.17142647E+01
  0.36068418E+01  0.17993226E+01
  0.36169008E+01  0.18849229E+01
  0.36269598E+01  0.19710197E+01
  0.36370188E+01  0.20575663E+01
  0.36470777E+01  0.21445147E+01
  0.36571367E+01  0.22318158E+01
  0.36671957E+01  0.23194197E+01
  0.36772547E+01  0.24072753E+01
  0.36873137E+01  0.24953306E+01
  0.36973727E+01  0.25835326E+01
  0.37074317E+01  0.26718277E+01
  0.37174907E+01  0.27601614E+01
  0.37275497E+01  0.28484783E+01
  0.37376087E+01  0.29367225E+01
  0.37476677E+01  0.30248375E+01
  0.37577267E+01  0.31127661E+01
  0.37677857E+01  0.32004506E+01
  0.37778447E+01  0.32878328E+01
  0.37879037E+01  0.33748543E+01
  0.37979627E+01  0.34614562E+01
  0.38080217E+01  0.35475793E+01
  0.38180807E+01  0.36331643E+01
  0.38281397E+01  0.37181516E+01
  0.38381987E+01  0.38024816E+01
  0.38482577E+01  0.38860947E+01
  0.38583167E+01  0.39689314E+01
  0.38683757E+01  0.40509320E+01
  0.38784347E+01  0.41320374E+01
  0.38884937E+01  0.42121884E+01
  0.38985527E+01  0.42913262E+01
  0.39086117E+01  0.43693924E+01
  0.39186707E+01  0.44463290E+01
  0.39287297E+01  0.45220785E+01
  0.39387887E+01  0.45965840E+01
  0.39488477E+01  0.46697891E+01
  0.39589067E+01  0.47416382E+01
  0.39689657E+01  0.48120763E+01
  0.39790247E+01  0.48810495E+01
  0.39890837E+01  0.49485046E+01
  0.39991427E+01  0.50143891E+01
  0.40092017E+01  0.50786519E+01
  0.40192606E+01  0.51412427E+01
  0.40293196E+01  0.52021125E+01
  0.40393786E+01  0.52612132E+01
  0.40494376E+01  0.53184981E+01
  0.40594966E+01  0.53739218E+01
  0.40695556E+01  0.54274401E+01
  0.40796146E+01  0.54790103E+01
  0.40896736E+01  0.55285911E+01
  0.40997326E+01  0.55761426E+01
  0.41097916E+01  0.56216266E+01
  0.41198506E+01  0.56650063E+01
  0.41299096E+01  0.57062466E+01
  0.41399686E+01  0.57453140E+01
  0.41500276E+01  0.57821767E+01
  0.41600866E+01  0.58168047E+01
  0.41701456E+01  0.58491697E+01
  0.41802046E+01  0.58792453E+01
  0.41902636E+01  0.59070068E+01
  0.42003226E+01  0.59324315E+01
  0.42103816E+01  0.59554983E+01
  0.42204406E+01  0.59761885E+01
  0.42304996E+01  0.59944849E+01
  0.42405586E+01  0.60103724E+01
  0.42506176E+01  0.60238380E+01
  0.42606766E+01  0.60348704E+01
  0.42707356E+01  0.60434607E+01
  0.42807946E+01  0.60496017E+01
  0.42908536E+01  0.60532884E+01
  0.43009126E+01  0.60545176E+01
  
  0.00000000E+00  0.48504356E+01
  0.10020027E-01  0.48507327E+01
  0.20040054E-01  0.48516236E+01
  0.30060081E-01  0.48531075E+01
  0.40080108E-01  0.48551829E+01
  0.50100135E-01  0.48578477E+01
  0.60120162E-01  0.48610994E+01
  0.70140189E-01  0.48649347E+01
  0.80160216E-01  0.48693498E+01
  0.90180243E-01  0.48743404E+01
  0.10020027E+00  0.48799016E+01
  0.11022030E+00  0.48860278E+01
  0.12024032E+00  0.48927130E+01
  0.13026035E+00  0.48999507E+01
  0.14028038E+00  0.49077336E+01
  0.15030041E+00  0.49160541E+01
  0.16032043E+00  0.49249040E+01
  0.17034046E+00  0.49342746E+01
  0.18036049E+00  0.49441566E+01
  0.19038051E+00  0.49545402E+01
  0.20040054E+00  0.49654152E+01
  0.21042057E+00  0.49767709E+01
  0.22044059E+00  0.49885960E+01
  0.23046062E+00  0.50008790E+01
  0.24048065E+00  0.50136076E+01
  0.25050068E+00  0.50267693E+01
  0.26052070E+00  0.50403512E+01
  0.27054073E+00  0.50543397E+01
  0.28056076E+00  0.50687212E+01
  0.29058078E+00  0.50834814E+01
  0.30060081E+00  0.50986058E+01
  0.31062084E+00  0.51140793E+01
  0.32064086E+00  0.51298869E+01
  0.33066089E+00  0.51460128E+01
  0.34068092E+00  0.51624411E+01
  0.35070095E+00  0.51791557E+01
  0.36072097E+00  0.51961400E+01
  0.37074100E+00  0.52133773E+01
  0.38076103E+00  0.52308505E+01
  0.39078105E+00  0.52485425E+01
  0.40080108E+00  0.52664357E+01
  0.41082111E+00  0.52845125E+01
  0.42084114E+00  0.53027551E+01
  0.43086116E+00  0.53211454E+01
  0.44088119E+00  0.53396654E+01
  0.45090122E+00  0.53582966E+01
  0.46092124E+00  0.53770208E+01
  0.47094127E+00  0.53958195E+01
  0.48096130E+00  0.54146741E+01
  0.49098132E+00  0.54335660E+01
  0.50100135E+00  0.54524766E+01
  0.51102138E+00  0.54713872E+01
  0.52104141E+00  0.54902791E+01
  0.53106143E+00  0.55091337E+01
  0.54108146E+00  0.55279323E+01
  0.55110149E+00  0.55466566E+01
  0.56112151E+00  0.55652878E+01
  0.57114154E+00  0.55838078E+01
  0.58116157E+00  0.56021981E+01
  0.59118159E+00  0.56204407E+01
  0.60120162E+00  0.56385175E+01
  0.61122165E+00  0.56564107E+01
  0.62124168E+00  0.56741027E+01
  0.63126170E+00  0.56915759E+01
  0.64128173E+00  0.57088132E+01
  0.65130176E+00  0.57257975E+01
  0.66132178E+00  0.57425121E+01
  0.67134181E+00  0.57589404E+01
  0.68136184E+00  0.57750663E+01
  0.69138186E+00  0.57908738E+01
  0.70140189E+00  0.58063474E+01
  0.71142192E+00  0.58214718E+01
  0.72144195E+00  0.58362320E+01
  0.73146197E+00  0.58506135E+01
  0.74148200E+00  0.58646020E+01
  0.75150203E+00  0.58781839E+01
  0.76152205E+00  0.58913456E+01
  0.77154208E+00  0.59040742E+01
  0.78156211E+00  0.59163572E+01
  0.79158214E+00  0.59281823E+01
  0.80160216E+00  0.59395380E+01
  0.81162219E+00  0.59504130E+01
  0.82164222E+00  0.59607966E+01
  0.83166224E+00  0.59706786E+01
  0.84168227E+00  0.59800491E+01
  0.85170230E+00  0.59888991E+01
  0.86172232E+00  0.59972196E+01
  0.87174235E+00  0.60050025E+01
  0.88176238E+00  0.60122402E+01
  0.89178241E+00  0.60189254E+01
  0.90180243E+00  0.60250516E+01
  0.91182246E+00  0.60306128E+01
  0.92184249E+00  0.60356034E+01
  0.93186251E+00  0.60400185E+01
  0.94188254E+00  0.60438538E+01
  0.95190257E+00  0.60471055E+01
  0.96192259E+00  0.60497703E+01
  0.97194262E+00  0.60518457E+01
  0.98196265E+00  0.60533296E+01
  0.99198268E+00  0.60542205E+01
  0.10020027E+01  0.60545176E+01
  0.10120637E+01  0.60539826E+01
  0.10221247E+01  0.60523779E+01
  0.10321857E+01  0.60497048E+01
  0.10422466E+01  0.60459653E+01
  0.10523076E+01  0.60411622E+01
  0.10623686E+01  0.60352990E+01
  0.10724296E+01  0.60283802E+01
  0.10824906E+01  0.60204110E+01
  0.10925516E+01  0.60113973E+01
  0.11026125E+01  0.60013458E+01
  0.11126735E+01  0.59902642E+01
  0.11227345E+01  0.59781608E+01
  0.11327955E+01  0.59650445E+01
  0.11428565E+01  0.59509252E+01
  0.11529174E+01  0.59358136E+01
  0.11629784E+01  0.59197209E+01
  0.11730394E+01  0.59026592E+01
  0.11831004E+01  0.58846413E+01
  0.11931614E+01  0.58656806E+01
  0.12032224E+01  0.58457915E+01
  0.12132833E+01  0.58249887E+01
  0.12233443E+01  0.58032879E+01
  0.12334053E+01  0.57807053E+01
  0.12434663E+01  0.57572579E+01
  0.12535273E+01  0.57329631E+01
  0.12635883E+01  0.57078393E+01
  0.12736492E+01  0.56819052E+01
  0.12837102E+01  0.56551802E+01
  0.12937712E+01  0.56276844E+01
  0.13038322E+01  0.55994383E+01
  0.13138932E+01  0.55704631E+01
  0.13239542E+01  0.55407804E+01
  0.13340151E+01  0.55104125E+01
  0.13440761E+01  0.54793821E+01
  0.13541371E+01  0.54477125E+01
  0.13641981E+01  0.54154273E+01
  0.13742591E+01  0.53825507E+01
  0.13843201E+01  0.53491072E+01
  0.13943810E+01  0.53151220E+01
  0.14044420E+01  0.52806203E+01
  0.14145030E+01  0.52456281E+01
  0.14245640E+01  0.52101714E+01
  0.14346250E+01  0.51742769E+01
  0.14446860E+01  0.51379713E+01
  0.14547469E+01  0.51012817E+01
  0.14648079E+01  0.50642357E+01
  0.14748689E+01  0.50268608E+01
  0.14849299E+01  0.49891850E+01
  0.14949909E+01  0.49512365E+01
  0.15050519E+01  0.49130435E+01
  0.15151128E+01  0.48746347E+01
  0.15251738E+01  0.48360388E+01
  0.15352348E+01  0.47972845E+01
  0.15452958E+01  0.47584007E+01
  0.15553568E+01  0.47194166E+01
  0.15654178E+01  0.46803612E+01
  0.15754787E+01  0.46412637E+01
  0.15855397E+01  0.46021532E+01
  0.15956007E+01  0.45630589E+01
  0.16056617E+01  0.45240101E+01
  0.16157227E+01  0.44850358E+01
  0.16257837E+01  0.44461651E+01
  0.16358446E+01  0.44074270E+01
  0.16459056E+01  0.43688504E+01
  0.16559666E+01  0.43304640E+01
  0.16660276E+01  0.42922965E+01
  0.16760886E+01  0.42543764E+01
  0.16861496E+01  0.42167319E+01
  0.16962105E+01  0.41793910E+01
  0.17062715E+01  0.41423816E+01
  0.17163325E+01  0.41057312E+01
  0.17263935E+01  0.40694672E+01
  0.17364545E+01  0.40336166E+01
  0.17465155E+01  0.39982061E+01
  0.17565764E+01  0.39632620E+01
  0.17666374E+01  0.39288104E+01
  0.17766984E+01  0.38948770E+01
  0.17867594E+01  0.38614869E+01
  0.17968204E+01  0.38286651E+01
  0.18068814E+01  0.37964360E+01
  0.18169423E+01  0.37648235E+01
  0.18270033E+01  0.37338512E+01
  0.18370643E+01  0.37035422E+01
  0.18471253E+01  0.36739190E+01
  0.18571863E+01  0.36450036E+01
  0.18672473E+01  0.36168176E+01
  0.18773082E+01  0.35893819E+01
  0.18873692E+01  0.35627169E+01
  0.18974302E+01  0.35368425E+01
  0.19074912E+01  0.35117778E+01
  0.19175522E+01  0.34875416E+01
  0.19276132E+01  0.34641518E+01
  0.19376741E+01  0.34416259E+01
  0.19477351E+01  0.34199806E+01
  0.19577961E+01  0.33992319E+01
  0.19678571E+01  0.33793954E+01
  0.19779181E+01  0.33604857E+01
  0.19879790E+01  0.33425169E+01
  0.19980400E+01  0.33255023E+01
  0.20081010E+01  0.33094547E+01
  0.20181620E+01  0.32943858E+01
  0.20282230E+01  0.32803070E+01
  0.20382840E+01  0.32672287E+01
  0.20483449E+01  0.32551606E+01
  0.20584059E+01  0.32441116E+01
  0.20684669E+01  0.32340900E+01
  0.20785279E+01  0.32251032E+01
  0.20885889E+01  0.32171579E+01
  0.20986499E+01  0.32102600E+01
  0.21087108E+01  0.32044147E+01
  0.21187718E+01  0.31996262E+01
  0.21288328E+01  0.31958981E+01
  0.21388938E+01  0.31932332E+01
  0.21489548E+01  0.31916334E+01
  0.21590158E+01  0.31911001E+01
  0.21690674E+01  0.31911743E+01
  0.21791190E+01  0.31913863E+01
  0.21891707E+01  0.31917199E+01
  0.21992223E+01  0.31921595E+01
  0.22092740E+01  0.31926894E+01
  0.22193256E+01  0.31932943E+01
  0.22293772E+01  0.31939593E+01
  0.22394289E+01  0.31946697E+01
  0.22494805E+01  0.31954113E+01
  0.22595322E+01  0.31961703E+01
  0.22695838E+01  0.31969332E+01
  0.22796354E+01  0.31976869E+01
  0.22896871E+01  0.31984189E+01
  0.22997387E+01  0.31991172E+01
  0.23097903E+01  0.31997700E+01
  0.23198420E+01  0.32003663E+01
  0.23298936E+01  0.32008953E+01
  0.23399453E+01  0.32013469E+01
  0.23499969E+01  0.32017114E+01
  0.23600485E+01  0.32019798E+01
  0.23701002E+01  0.32021433E+01
  0.23801518E+01  0.32021939E+01
  0.23902035E+01  0.32021240E+01
  0.24002551E+01  0.32019265E+01
  0.24103067E+01  0.32015947E+01
  0.24203584E+01  0.32011228E+01
  0.24304100E+01  0.32005051E+01
  0.24404617E+01  0.31997367E+01
  0.24505133E+01  0.31988130E+01
  0.24605649E+01  0.31977300E+01
  0.24706166E+01  0.31964844E+01
  0.24806682E+01  0.31950731E+01
  0.24907198E+01  0.31934937E+01
  0.25007715E+01  0.31917443E+01
  0.25108231E+01  0.31898233E+01
  0.25208748E+01  0.31877298E+01
  0.25309264E+01  0.31854634E+01
  0.25409780E+01  0.31830241E+01
  0.25510297E+01  0.31804124E+01
  0.25610813E+01  0.31776293E+01
  0.25711330E+01  0.31746763E+01
  0.25811846E+01  0.31715553E+01
  0.25912362E+01  0.31682688E+01
  0.26012879E+01  0.31648198E+01
  0.26113395E+01  0.31612115E+01
  0.26213912E+01  0.31574478E+01
  0.26314428E+01  0.31535331E+01
  0.26414944E+01  0.31494721E+01
  0.26515461E+01  0.31452700E+01
  0.26615977E+01  0.31409325E+01
  0.26716493E+01  0.31364657E+01
  0.26817010E+01  0.31318762E+01
  0.26917526E+01  0.31271711E+01
  0.27018043E+01  0.31223577E+01
  0.27118559E+01  0.31174440E+01
  0.27219075E+01  0.31124383E+01
  0.27319592E+01  0.31073493E+01
  0.27420108E+01  0.31021862E+01
  0.27520625E+01  0.30969586E+01
  0.27621141E+01  0.30916764E+01
  0.27721657E+01  0.30863501E+01
  0.27822174E+01  0.30809905E+01
  0.27922690E+01  0.30756087E+01
  0.28023207E+01  0.30702164E+01
  0.28123723E+01  0.30648254E+01
  0.28224239E+01  0.30594481E+01
  0.28324756E+01  0.30540972E+01
  0.28425272E+01  0.30487857E+01
  0.28525788E+01  0.30435269E+01
  0.28626305E+01  0.30383346E+01
  0.28726821E+01  0.30332227E+01
  0.28827338E+01  0.30282056E+01
  0.28927854E+01  0.30232978E+01
  0.29028370E+01  0.30185142E+01
  0.29128887E+01  0.30138699E+01
  0.29229403E+01  0.30093802E+01
  0.29329920E+01  0.30050608E+01
  0.29430436E+01  0.30009274E+01
  0.29530952E+01  0.29969958E+01
  0.29631469E+01  0.29932823E+01
  0.29731985E+01  0.29898030E+01
  0.29832502E+01  0.29865743E+01
  0.29933018E+01  0.29836126E+01
  0.30033534E+01  0.29809344E+01
  0.30134051E+01  0.29785561E+01
  0.30234567E+01  0.29764943E+01
  0.30335083E+01  0.29747653E+01
  0.30435600E+01  0.29733856E+01
  0.30536116E+01  0.29723715E+01
  0.30636633E+01  0.29717391E+01
  0.30737149E+01  0.29715044E+01
  0.30837739E+01  0.29719885E+01
  0.30938329E+01  0.29733212E+01
  0.31038919E+01  0.29755266E+01
  0.31139509E+01  0.29786263E+01
  0.31240099E+01  0.29826395E+01
  0.31340689E+01  0.29875828E+01
  0.31441279E+01  0.29934703E+01
  0.31541869E+01  0.30003138E+01
  0.31642459E+01  0.30081226E+01
  0.31743049E+01  0.30169038E+01
  0.31843639E+01  0.30266623E+01
  0.31944229E+01  0.30374006E+01
  0.32044819E+01  0.30491193E+01
  0.32145409E+01  0.30618171E+01
  0.32245999E+01  0.30754907E+01
  0.32346589E+01  0.30901349E+01
  0.32447179E+01  0.31057431E+01
  0.32547769E+01  0.31223069E+01
  0.32648359E+01  0.31398167E+01
  0.32748948E+01  0.31582612E+01
  0.32849538E+01  0.31776281E+01
  0.32950128E+01  0.31979038E+01
  0.33050718E+01  0.32190738E+01
  0.33151308E+01  0.32411223E+01
  0.33251898E+01  0.32640330E+01
  0.33352488E+01  0.32877884E+01
  0.33453078E+01  0.33123706E+01
  0.33553668E+01  0.33377608E+01
  0.33654258E+01  0.33639398E+01
  0.33754848E+01  0.33908876E+01
  0.33855438E+01  0.34185840E+01
  0.33956028E+01  0.34470081E+01
  0.34056618E+01  0.34761389E+01
  0.34157208E+01  0.35059548E+01
  0.34257798E+01  0.35364341E+01
  0.34358388E+01  0.35675546E+01
  0.34458978E+01  0.35992940E+01
  0.34559568E+01  0.36316300E+01
  0.34660158E+01  0.36645396E+01
  0.34760748E+01  0.36980001E+01
  0.34861338E+01  0.37319885E+01
  0.34961928E+01  0.37664815E+01
  0.35062518E+01  0.38014558E+01
  0.35163108E+01  0.38368882E+01
  0.35263698E+01  0.38727550E+01
  0.35364288E+01  0.39090326E+01
  0.35464878E+01  0.39456975E+01
  0.35565468E+01  0.39827257E+01
  0.35666058E+01  0.40200935E+01
  0.35766648E+01  0.40577769E+01
  0.35867238E+01  0.40957519E+01
  0.35967828E+01  0.41339945E+01
  0.36068418E+01  0.41724804E+01
  0.36169008E+01  0.42111855E+01
  0.36269598E+01  0.42500855E+01
  0.36370188E+01  0.42891561E+01
  0.36470777E+01  0.43283727E+01
  0.36571367E+01  0.43677110E+01
  0.36671957E+01  0.44071463E+01
  0.36772547E+01  0.44466542E+01
  0.36873137E+01  0.44862099E+01
  0.36973727E+01  0.45257886E+01
  0.37074317E+01  0.45653657E+01
  0.37174907E+01  0.46049163E+01
  0.37275497E+01  0.46444155E+01
  0.37376087E+01  0.46838385E+01
  0.37476677E+01  0.47231603E+01
  0.37577267E+01  0.47623560E+01
  0.37677857E+01  0.48014006E+01
  0.37778447E+01  0.48402690E+01
  0.37879037E+01  0.48789365E+01
  0.37979627E+01  0.49173778E+01
  0.38080217E+01  0.49555682E+01
  0.38180807E+01  0.49934827E+01
  0.38281397E+01  0.50310965E+01
  0.38381987E+01  0.50683847E+01
  0.38482577E+01  0.51053226E+01
  0.38583167E+01  0.51418856E+01
  0.38683757E+01  0.51780491E+01
  0.38784347E+01  0.52137887E+01
  0.38884937E+01  0.52490802E+01
  0.38985527E+01  0.52838994E+01
  0.39086117E+01  0.53182223E+01
  0.39186707E+01  0.53520253E+01
  0.39287297E+01  0.53852848E+01
  0.39387887E+01  0.54179774E+01
  0.39488477E+01  0.54500801E+01
  0.39589067E+01  0.54815703E+01
  0.39689657E+01  0.55124253E+01
  0.39790247E+01  0.55426230E+01
  0.39890837E+01  0.55721417E+01
  0.39991427E+01  0.56009599E+01
  0.40092017E+01  0.56290565E+01
  0.40192606E+01  0.56564108E+01
  0.40293196E+01  0.56830028E+01
  0.40393786E+01  0.57088126E+01
  0.40494376E+01  0.57338209E+01
  0.40594966E+01  0.57580090E+01
  0.40695556E+01  0.57813586E+01
  0.40796146E+01  0.58038521E+01
  0.40896736E+01  0.58254723E+01
  0.40997326E+01  0.58462026E+01
  0.41097916E+01  0.58660272E+01
  0.41198506E+01  0.58849307E+01
  0.41299096E+01  0.59028986E+01
  0.41399686E+01  0.59199168E+01
  0.41500276E+01  0.59359720E+01
  0.41600866E+01  0.59510517E+01
  0.41701456E+01  0.59651441E+01
  0.41802046E+01  0.59782381E+01
  0.41902636E+01  0.59903232E+01
  0.42003226E+01  0.60013900E+01
  0.42103816E+01  0.60114296E+01
  0.42204406E+01  0.60204340E+01
  0.42304996E+01  0.60283962E+01
  0.42405586E+01  0.60353097E+01
  0.42506176E+01  0.60411689E+01
  0.42606766E+01  0.60459693E+01
  0.42707356E+01  0.60497069E+01
  0.42807946E+01  0.60523788E+01
  0.42908536E+01  0.60539828E+01
  0.43009126E+01  0.60545176E+01
  
  0.00000000E+00  0.48504356E+01
  0.10020027E-01  0.48507327E+01
  0.20040054E-01  0.48516236E+01
  0.30060081E-01  0.48531075E+01
  0.40080108E-01  0.48551829E+01
  0.50100135E-01  0.48578477E+01
  0.60120162E-01  0.48610994E+01
  0.70140189E-01  0.48649347E+01
  0.80160216E-01  0.48693498E+01
  0.90180243E-01  0.48743404E+01
  0.10020027E+00  0.48799016E+01
  0.11022030E+00  0.48860278E+01
  0.12024032E+00  0.48927130E+01
  0.13026035E+00  0.48999507E+01
  0.14028038E+00  0.49077336E+01
  0.15030041E+00  0.49160541E+01
  0.16032043E+00  0.49249040E+01
  0.17034046E+00  0.49342746E+01
  0.18036049E+00  0.49441566E+01
  0.19038051E+00  0.49545402E+01
  0.20040054E+00  0.49654152E+01
  0.21042057E+00  0.49767709E+01
  0.22044059E+00  0.49885960E+01
  0.23046062E+00  0.50008790E+01
  0.24048065E+00  0.50136076E+01
  0.25050068E+00  0.50267693E+01
  0.26052070E+00  0.50403512E+01
  0.27054073E+00  0.50543397E+01
  0.28056076E+00  0.50687212E+01
  0.29058078E+00  0.50834814E+01
  0.30060081E+00  0.50986058E+01
  0.31062084E+00  0.51140793E+01
  0.32064086E+00  0.51298869E+01
  0.33066089E+00  0.51460128E+01
  0.34068092E+00  0.51624411E+01
  0.35070095E+00  0.51791557E+01
  0.36072097E+00  0.51961400E+01
  0.37074100E+00  0.52133773E+01
  0.38076103E+00  0.52308505E+01
  0.39078105E+00  0.52485425E+01
  0.40080108E+00  0.52664357E+01
  0.41082111E+00  0.52845125E+01
  0.42084114E+00  0.53027551E+01
  0.43086116E+00  0.53211454E+01
  0.44088119E+00  0.53396654E+01
  0.45090122E+00  0.53582966E+01
  0.46092124E+00  0.53770208E+01
  0.47094127E+00  0.53958195E+01
  0.48096130E+00  0.54146741E+01
  0.49098132E+00  0.54335660E+01
  0.50100135E+00  0.54524766E+01
  0.51102138E+00  0.54713872E+01
  0.52104141E+00  0.54902791E+01
  0.53106143E+00  0.55091337E+01
  0.54108146E+00  0.55279323E+01
  0.55110149E+00  0.55466566E+01
  0.56112151E+00  0.55652878E+01
  0.57114154E+00  0.55838078E+01
  0.58116157E+00  0.56021981E+01
  0.59118159E+00  0.56204407E+01
  0.60120162E+00  0.56385175E+01
  0.61122165E+00  0.56564107E+01
  0.62124168E+00  0.56741027E+01
  0.63126170E+00  0.56915759E+01
  0.64128173E+00  0.57088132E+01
  0.65130176E+00  0.57257975E+01
  0.66132178E+00  0.57425121E+01
  0.67134181E+00  0.57589404E+01
  0.68136184E+00  0.57750663E+01
  0.69138186E+00  0.57908738E+01
  0.70140189E+00  0.58063474E+01
  0.71142192E+00  0.58214718E+01
  0.72144195E+00  0.58362320E+01
  0.73146197E+00  0.58506135E+01
  0.74148200E+00  0.58646020E+01
  0.75150203E+00  0.58781839E+01
  0.76152205E+00  0.58913456E+01
  0.77154208E+00  0.59040742E+01
  0.78156211E+00  0.59163572E+01
  0.79158214E+00  0.59281823E+01
  0.80160216E+00  0.59395380E+01
  0.81162219E+00  0.59504130E+01
  0.82164222E+00  0.59607966E+01
  0.83166224E+00  0.59706786E+01
  0.84168227E+00  0.59800491E+01
  0.85170230E+00  0.59888991E+01
  0.86172232E+00  0.59972196E+01
  0.87174235E+00  0.60050025E+01
  0.88176238E+00  0.60122402E+01
  0.89178241E+00  0.60189254E+01
  0.90180243E+00  0.60250516E+01
  0.91182246E+00  0.60306128E+01
  0.92184249E+00  0.60356034E+01
  0.93186251E+00  0.60400185E+01
  0.94188254E+00  0.60438538E+01
  0.95190257E+00  0.60471055E+01
  0.96192259E+00  0.60497703E+01
  0.97194262E+00  0.60518457E+01
  0.98196265E+00  0.60533296E+01
  0.99198268E+00  0.60542205E+01
  0.10020027E+01  0.60545176E+01
  0.10120637E+01  0.60539826E+01
  0.10221247E+01  0.60523779E+01
  0.10321857E+01  0.60497048E+01
  0.10422466E+01  0.60459653E+01
  0.10523076E+01  0.60411622E+01
  0.10623686E+01  0.60352990E+01
  0.10724296E+01  0.60283802E+01
  0.10824906E+01  0.60204110E+01
  0.10925516E+01  0.60113973E+01
  0.11026125E+01  0.60013458E+01
  0.11126735E+01  0.59902642E+01
  0.11227345E+01  0.59781608E+01
  0.11327955E+01  0.59650445E+01
  0.11428565E+01  0.59509252E+01
  0.11529174E+01  0.59358136E+01
  0.11629784E+01  0.59197209E+01
  0.11730394E+01  0.59026592E+01
  0.11831004E+01  0.58846413E+01
  0.11931614E+01  0.58656806E+01
  0.12032224E+01  0.58457915E+01
  0.12132833E+01  0.58249887E+01
  0.12233443E+01  0.58032879E+01
  0.12334053E+01  0.57807053E+01
  0.12434663E+01  0.57572579E+01
  0.12535273E+01  0.57329631E+01
  0.12635883E+01  0.57078393E+01
  0.12736492E+01  0.56819052E+01
  0.12837102E+01  0.56551802E+01
  0.12937712E+01  0.56276844E+01
  0.13038322E+01  0.55994383E+01
  0.13138932E+01  0.55704631E+01
  0.13239542E+01  0.55407804E+01
  0.13340151E+01  0.55104125E+01
  0.13440761E+01  0.54793822E+01
  0.13541371E+01  0.54477125E+01
  0.13641981E+01  0.54154273E+01
  0.13742591E+01  0.53825507E+01
  0.13843201E+01  0.53491072E+01
  0.13943810E+01  0.53151220E+01
  0.14044420E+01  0.52806203E+01
  0.14145030E+01  0.52456281E+01
  0.14245640E+01  0.52101714E+01
  0.14346250E+01  0.51742769E+01
  0.14446860E+01  0.51379713E+01
  0.14547469E+01  0.51012817E+01
  0.14648079E+01  0.50642357E+01
  0.14748689E+01  0.50268608E+01
  0.14849299E+01  0.49891850E+01
  0.14949909E+01  0.49512365E+01
  0.15050519E+01  0.49130435E+01
  0.15151128E+01  0.48746347E+01
  0.15251738E+01  0.48360388E+01
  0.15352348E+01  0.47972845E+01
  0.15452958E+01  0.47584007E+01
  0.15553568E+01  0.47194166E+01
  0.15654178E+01  0.46803612E+01
  0.15754787E+01  0.46412637E+01
  0.15855397E+01  0.46021532E+01
  0.15956007E+01  0.45630589E+01
  0.16056617E+01  0.45240101E+01
  0.16157227E+01  0.44850358E+01
  0.16257837E+01  0.44461651E+01
  0.16358446E+01  0.44074270E+01
  0.16459056E+01  0.43688504E+01
  0.16559666E+01  0.43304640E+01
  0.16660276E+01  0.42922965E+01
  0.16760886E+01  0.42543764E+01
  0.16861496E+01  0.42167319E+01
  0.16962105E+01  0.41793910E+01
  0.17062715E+01  0.41423816E+01
  0.17163325E+01  0.41057312E+01
  0.17263935E+01  0.40694672E+01
  0.17364545E+01  0.40336166E+01
  0.17465155E+01  0.39982061E+01
  0.17565764E+01  0.39632620E+01
  0.17666374E+01  0.39288104E+01
  0.17766984E+01  0.38948770E+01
  0.17867594E+01  0.38614869E+01
  0.17968204E+01  0.38286651E+01
  0.18068814E+01  0.37964360E+01
  0.18169423E+01  0.37648235E+01
  0.18270033E+01  0.37338512E+01
  0.18370643E+01  0.37035422E+01
  0.18471253E+01  0.36739190E+01
  0.18571863E+01  0.36450036E+01
  0.18672473E+01  0.36168176E+01
  0.18773082E+01  0.35893819E+01
  0.18873692E+01  0.35627169E+01
  0.18974302E+01  0.35368425E+01
  0.19074912E+01  0.35117778E+01
  0.19175522E+01  0.34875416E+01
  0.19276132E+01  0.34641518E+01
  0.19376741E+01  0.34416259E+01
  0.19477351E+01  0.34199806E+01
  0.19577961E+01  0.33992319E+01
  0.19678571E+01  0.33793954E+01
  0.19779181E+01  0.33604857E+01
  0.19879790E+01  0.33425169E+01
  0.19980400E+01  0.33255023E+01
  0.20081010E+01  0.33094547E+01
  0.20181620E+01  0.32943858E+01
  0.20282230E+01  0.32803070E+01
  0.20382840E+01  0.32672287E+01
  0.20483449E+01  0.32551606E+01
  0.20584059E+01  0.32441116E+01
  0.20684669E+01  0.32340900E+01
  0.20785279E+01  0.32251032E+01
  0.20885889E+01  0.32171579E+01
  0.20986499E+01  0.32102600E+01
  0.21087108E+01  0.32044147E+01
  0.21187718E+01  0.31996262E+01
  0.21288328E+01  0.31958981E+01
  0.21388938E+01  0.31932332E+01
  0.21489548E+01  0.31916334E+01
  0.21590158E+01  0.31911001E+01
  0.21690674E+01  0.31911797E+01
  0.21791190E+01  0.31914296E+01
  0.21891707E+01  0.31918661E+01
  0.21992223E+01  0.31925056E+01
  0.22092740E+01  0.31933645E+01
  0.22193256E+01  0.31944591E+01
  0.22293772E+01  0.31958054E+01
  0.22394289E+01  0.31974193E+01
  0.22494805E+01  0.31993164E+01
  0.22595322E+01  0.32015118E+01
  0.22695838E+01  0.32040204E+01
  0.22796354E+01  0.32068563E+01
  0.22896871E+01  0.32100330E+01
  0.22997387E+01  0.32135634E+01
  0.23097903E+01  0.32174595E+01
  0.23198420E+01  0.32217326E+01
  0.23298936E+01  0.32263928E+01
  0.23399453E+01  0.32314492E+01
  0.23499969E+01  0.32369099E+01
  0.23600485E+01  0.32427816E+01
  0.23701002E+01  0.32490698E+01
  0.23801518E+01  0.32557785E+01
  0.23902035E+01  0.32629103E+01
  0.24002551E+01  0.32704664E+01
  0.24103067E+01  0.32784461E+01
  0.24203584E+01  0.32868474E+01
  0.24304100E+01  0.32956664E+01
  0.24404617E+01  0.33048977E+01
  0.24505133E+01  0.33145338E+01
  0.24605649E+01  0.33245659E+01
  0.24706166E+01  0.33349831E+01
  0.24806682E+01  0.33457729E+01
  0.24907198E+01  0.33569210E+01
  0.25007715E+01  0.33684113E+01
  0.25108231E+01  0.33802263E+01
  0.25208748E+01  0.33923465E+01
  0.25309264E+01  0.34047512E+01
  0.25409780E+01  0.34174179E+01
  0.25510297E+01  0.34303227E+01
  0.25610813E+01  0.34434406E+01
  0.25711330E+01  0.34567451E+01
  0.25811846E+01  0.34702086E+01
  0.25912362E+01  0.34838023E+01
  0.26012879E+01  0.34974967E+01
  0.26113395E+01  0.35112613E+01
  0.26213912E+01  0.35250647E+01
  0.26314428E+01  0.35388752E+01
  0.26414944E+01  0.35526604E+01
  0.26515461E+01  0.35663874E+01
  0.26615977E+01  0.35800231E+01
  0.26716493E+01  0.35935344E+01
  0.26817010E+01  0.36068879E+01
  0.26917526E+01  0.36200502E+01
  0.27018043E+01  0.36329884E+01
  0.27118559E+01  0.36456694E+01
  0.27219075E+01  0.36580607E+01
  0.27319592E+01  0.36701303E+01
  0.27420108E+01  0.36818465E+01
  0.27520625E+01  0.36931785E+01
  0.27621141E+01  0.37040961E+01
  0.27721657E+01  0.37145697E+01
  0.27822174E+01  0.37245708E+01
  0.27922690E+01  0.37340719E+01
  0.28023207E+01  0.37430461E+01
  0.28123723E+01  0.37514680E+01
  0.28224239E+01  0.37593131E+01
  0.28324756E+01  0.37665582E+01
  0.28425272E+01  0.37731813E+01
  0.28525788E+01  0.37791615E+01
  0.28626305E+01  0.37844795E+01
  0.28726821E+01  0.37891173E+01
  0.28827338E+01  0.37930582E+01
  0.28927854E+01  0.37962871E+01
  0.29028370E+01  0.37987903E+01
  0.29128887E+01  0.38005556E+01
  0.29229403E+01  0.38015725E+01
  0.29329920E+01  0.38018319E+01
  0.29430436E+01  0.38013263E+01
  0.29530952E+01  0.38000501E+01
  0.29631469E+01  0.37979989E+01
  0.29731985E+01  0.37951704E+01
  0.29832502E+01  0.37915637E+01
  0.29933018E+01  0.37871797E+01
  0.30033534E+01  0.37820210E+01
  0.30134051E+01  0.37760920E+01
  0.30234567E+01  0.37693987E+01
  0.30335083E+01  0.37619489E+01
  0.30435600E+01  0.37537521E+01
  0.30536116E+01  0.37448197E+01
  0.30636633E+01  0.37351645E+01
  0.30737149E+01  0.37248015E+01
  0.30837739E+01  0.37489574E+01
  0.30938329E+01  0.37734770E+01
  0.31038919E+01  0.37983461E+01
  0.31139509E+01  0.38235506E+01
  0.31240099E+01  0.38490762E+01
  0.31340689E+01  0.38749084E+01
  0.31441279E+01  0.39010329E+01
  0.31541869E+01  0.39274350E+01
  0.31642459E+01  0.39541003E+01
  0.31743049E+01  0.39810141E+01
  0.31843639E+01  0.40081617E+01
  0.31944229E+01  0.40355284E+01
  0.32044819E+01  0.40630996E+01
  0.32145409E+01  0.40908607E+01
  0.32245999E+01  0.41187970E+01
  0.32346589E+01  0.41468939E+01
  0.32447179E+01  0.41751367E+01
  0.32547769E+01  0.42035112E+01
  0.32648359E+01  0.42320026E+01
  0.32748948E+01  0.42605969E+01
  0.32849538E+01  0.42892795E+01
  0.32950128E+01  0.43180365E+01
  0.33050718E+01  0.43468536E+01
  0.33151308E+01  0.43757171E+01
  0.33251898E+01  0.44046130E+01
  0.33352488E+01  0.44335278E+01
  0.33453078E+01  0.44624478E+01
  0.33553668E+01  0.44913598E+01
  0.33654258E+01  0.45202505E+01
  0.33754848E+01  0.45491069E+01
  0.33855438E+01  0.45779162E+01
  0.33956028E+01  0.46066658E+01
  0.34056618E+01  0.46353433E+01
  0.34157208E+01  0.46639363E+01
  0.34257798E+01  0.46924329E+01
  0.34358388E+01  0.47208213E+01
  0.34458978E+01  0.47490900E+01
  0.34559568E+01  0.47772275E+01
  0.34660158E+01  0.48052228E+01
  0.34760748E+01  0.48330650E+01
  0.34861338E+01  0.48607435E+01
  0.34961928E+01  0.48882481E+01
  0.35062518E+01  0.49155685E+01
  0.35163108E+01  0.49426949E+01
  0.35263698E+01  0.49696178E+01
  0.35364288E+01  0.49963278E+01
  0.35464878E+01  0.50228159E+01
  0.35565468E+01  0.50490733E+01
  0.35666058E+01  0.50750915E+01
  0.35766648E+01  0.51008624E+01
  0.35867238E+01  0.51263778E+01
  0.35967828E+01  0.51516302E+01
  0.36068418E+01  0.51766121E+01
  0.36169008E+01  0.52013164E+01
  0.36269598E+01  0.52257362E+01
  0.36370188E+01  0.52498650E+01
  0.36470777E+01  0.52736964E+01
  0.36571367E+01  0.52972244E+01
  0.36671957E+01  0.53204431E+01
  0.36772547E+01  0.53433471E+01
  0.36873137E+01  0.53659311E+01
  0.36973727E+01  0.53881901E+01
  0.37074317E+01  0.54101194E+01
  0.37174907E+01  0.54317144E+01
  0.37275497E+01  0.54529710E+01
  0.37376087E+01  0.54738851E+01
  0.37476677E+01  0.54944531E+01
  0.37577267E+01  0.55146713E+01
  0.37677857E+01  0.55345365E+01
  0.37778447E+01  0.55540456E+01
  0.37879037E+01  0.55731958E+01
  0.37979627E+01  0.55919844E+01
  0.38080217E+01  0.56104091E+01
  0.38180807E+01  0.56284676E+01
  0.38281397E+01  0.56461579E+01
  0.38381987E+01  0.56634781E+01
  0.38482577E+01  0.56804267E+01
  0.38583167E+01  0.56970022E+01
  0.38683757E+01  0.57132032E+01
  0.38784347E+01  0.57290287E+01
  0.38884937E+01  0.57444777E+01
  0.38985527E+01  0.57595493E+01
  0.39086117E+01  0.57742428E+01
  0.39186707E+01  0.57885578E+01
  0.39287297E+01  0.58024938E+01
  0.39387887E+01  0.58160505E+01
  0.39488477E+01  0.58292277E+01
  0.39589067E+01  0.58420254E+01
  0.39689657E+01  0.58544436E+01
  0.39790247E+01  0.58664824E+01
  0.39890837E+01  0.58781420E+01
  0.39991427E+01  0.58894228E+01
  0.40092017E+01  0.59003250E+01
  0.40192606E+01  0.59108491E+01
  0.40293196E+01  0.59209956E+01
  0.40393786E+01  0.59307650E+01
  0.40494376E+01  0.59401578E+01
  0.40594966E+01  0.59491748E+01
  0.40695556E+01  0.59578165E+01
  0.40796146E+01  0.59660836E+01
  0.40896736E+01  0.59739768E+01
  0.40997326E+01  0.59814969E+01
  0.41097916E+01  0.59886444E+01
  0.41198506E+01  0.59954202E+01
  0.41299096E+01  0.60018249E+01
  0.41399686E+01  0.60078593E+01
  0.41500276E+01  0.60135240E+01
  0.41600866E+01  0.60188197E+01
  0.41701456E+01  0.60237471E+01
  0.41802046E+01  0.60283068E+01
  0.41902636E+01  0.60324994E+01
  0.42003226E+01  0.60363254E+01
  0.42103816E+01  0.60397853E+01
  0.42204406E+01  0.60428797E+01
  0.42304996E+01  0.60456090E+01
  0.42405586E+01  0.60479736E+01
  0.42506176E+01  0.60499738E+01
  0.42606766E+01  0.60516099E+01
  0.42707356E+01  0.60528822E+01
  0.42807946E+01  0.60537908E+01
  0.42908536E+01  0.60543359E+01
  0.43009126E+01  0.60545176E+01
  
