 &plot nbnd=  10, nks=    43 /
           -0.500000  0.500000  0.500000
   -3.582   -0.949    4.850    4.850    7.481    9.370    9.370   13.579   16.665   16.665
           -0.444444  0.444444  0.444444
   -3.746   -0.708    4.873    4.873    7.507    9.396    9.396   13.619   15.847   15.847
           -0.388889  0.388889  0.388889
   -4.118   -0.108    4.939    4.939    7.577    9.461    9.461   13.716   14.878   14.878
           -0.333333  0.333333  0.333333
   -4.540    0.691    5.049    5.049    7.703    9.536    9.536   13.733   14.063   14.063
           -0.277778  0.277778  0.277778
   -4.938    1.609    5.200    5.200    7.875    9.559    9.559   13.227   13.470   13.470
           -0.222222  0.222222  0.222222
   -5.281    2.606    5.388    5.388    8.087    9.465    9.465   12.331   13.178   13.178
           -0.166667  0.166667  0.166667
   -5.555    3.649    5.601    5.601    8.313    9.234    9.234   11.349   13.190   13.190
           -0.111111  0.111111  0.111111
   -5.755    4.690    5.815    5.815    8.523    8.936    8.936   10.368   13.415   13.415
           -0.055556  0.055556  0.055556
   -5.876    5.613    5.986    5.986    8.631    8.684    8.684    9.534   13.706   13.706
            0.000000  0.000000  0.000000
   -5.917    6.055    6.055    6.055    8.584    8.584    8.584    9.216   13.725   13.850
           -0.090909  0.000000  0.000000
   -5.881    5.812    5.905    5.905    8.492    8.777    8.777    9.451   13.556   13.888
           -0.181818  0.000000  0.000000
   -5.772    5.232    5.555    5.555    8.249    9.262    9.262    9.969   12.944   14.018
           -0.272727  0.000000  0.000000
   -5.592    4.508    5.135    5.135    7.923    9.899    9.899   10.344   12.498   14.220
           -0.363636  0.000000  0.000000
   -5.342    3.725    4.716    4.716    7.578   10.097   10.616   10.616   12.760   14.500
           -0.454545  0.000000  0.000000
   -5.022    2.919    4.330    4.330    7.251    9.454   11.381   11.381   13.522   14.859
           -0.545455  0.000000  0.000000
   -4.634    2.105    3.991    3.991    6.970    8.770   12.178   12.178   14.440   15.298
           -0.636364  0.000000  0.000000
   -4.180    1.291    3.708    3.708    6.750    8.148   12.991   12.991   15.400   15.815
           -0.727273  0.000000  0.000000
   -3.663    0.488    3.483    3.483    6.602    7.622   13.827   13.827   16.352   16.411
           -0.818182  0.000000  0.000000
   -3.088   -0.297    3.321    3.321    6.535    7.203   14.675   14.675   17.085   17.268
           -0.909091  0.000000  0.000000
   -2.457   -1.054    3.224    3.224    6.557    6.886   15.503   15.503   17.628   17.628
           -1.000000  0.000000  0.000000
   -1.777   -1.777    3.191    3.191    6.672    6.672   16.031   16.031   17.095   17.095
           -0.972222  0.083333 -0.000000
   -1.977   -1.552    3.098    3.107    6.798    6.893   15.566   15.815   16.726   16.991
           -0.944444  0.166667 -0.000000
   -2.144   -1.321    2.858    2.923    7.229    7.397   14.406   15.311   16.175   17.138
           -0.916667  0.250000  0.000000
   -2.270   -1.109    2.556    2.748    7.874    8.097   13.103   14.580   15.772   17.269
           -0.888889  0.333333 -0.000000
   -2.354   -0.950    2.257    2.670    8.661    8.926   11.814   13.771   15.447   17.141
           -0.861111  0.416667  0.000000
   -2.397   -0.871    2.001    2.736    9.541    9.782   10.654   12.972   15.135   16.767
           -0.833333  0.500000  0.000000
   -2.400   -0.879    1.809    2.950    9.313   10.469   10.987   12.232   14.810   16.240
           -0.805556  0.583333  0.000000
   -2.364   -0.953    1.693    3.258    8.322   11.141   11.844   12.047   14.475   15.636
           -0.777778  0.666667  0.000000
   -2.293   -1.062    1.660    3.544    7.544   10.698   12.650   13.174   14.142   15.021
           -0.750000  0.750000  0.000000
   -2.185   -1.188    1.715    3.619    7.171   10.119   13.470   14.002   14.149   14.605
           -0.692308  0.692308  0.000000
   -2.489   -0.887    1.599    3.829    7.417   11.300   12.782   13.305   13.591   14.003
           -0.634615  0.634615  0.000000
   -2.871   -0.524    1.651    4.072    7.700   12.132   12.205   12.987   13.067   13.465
           -0.576923  0.576923  0.000000
   -3.295   -0.103    1.843    4.341    8.009   11.530   11.833   12.592   13.003   14.014
           -0.519231  0.519231 -0.000000
   -3.731    0.378    2.146    4.624    8.326   10.979   11.290   12.188   12.626   15.221
           -0.461538  0.461538  0.000000
   -4.152    0.918    2.536    4.912    8.623   10.482   10.782   11.879   12.355   16.200
           -0.403846  0.403846  0.000000
   -4.544    1.513    2.992    5.187    8.862   10.041   10.323   11.688   12.199   16.586
           -0.346154  0.346154 -0.000000
   -4.895    2.162    3.500    5.437    9.005    9.658    9.921   11.616   12.178   15.645
           -0.288462  0.288462  0.000000
   -5.201    2.859    4.040    5.647    9.042    9.332    9.567   11.584   12.288   14.603
           -0.230769  0.230769  0.000000
   -5.456    3.596    4.592    5.810    9.003    9.064    9.260   11.380   12.527   13.902
           -0.173077  0.173077  0.000000
   -5.656    4.358    5.124    5.926    8.855    8.926    9.000   10.817   12.879   13.676
           -0.115385  0.115385  0.000000
   -5.800    5.112    5.593    6.001    8.705    8.790    8.831   10.066   13.296   13.718
           -0.057692  0.057692 -0.000000
   -5.888    5.761    5.929    6.042    8.614    8.640    8.700    9.437   13.678   13.810
            0.000000  0.000000  0.000000
   -5.917    6.055    6.055    6.055    8.584    8.584    8.584    9.216   13.725   13.850
