64
1 0.13345964275282712 1.0
2 0.13345964275282712 1.0
3 0.13345964275282712 1.0
4 0.13345964275282712 1.0
5 0.13345964275282712 1.0
6 0.13345964275282712 1.0
7 0.13345964275282712 1.0
8 0.13345964275282712 1.0
9 0.13345964275282712 1.0
10 0.13345964275282712 1.0
11 0.13345964275282712 1.0
12 0.13345964275282712 1.0
13 0.13345964275282712 1.0
14 0.13345964275282712 1.0
15 0.13345964275282712 1.0
16 0.13345964275282712 1.0
17 0.13345964275282712 1.0
18 0.13345964275282712 1.0
19 0.13345964275282712 1.0
20 0.13345964275282712 1.0
21 0.13345964275282712 1.0
22 0.13345964275282712 1.0
23 0.13345964275282712 1.0
24 0.13345964275282712 1.0
25 0.13345964275282712 1.0
26 0.13345964275282712 1.0
27 0.13345964275282712 1.0
28 0.13345964275282712 1.0
29 0.13345964275282712 1.0
30 0.13345964275282712 1.0
31 0.13345964275282712 1.0
32 0.13345964275282712 1.0
33 0.13345964275282712 1.0
34 0.13345964275282712 1.0
35 0.13345964275282712 1.0
36 0.13345964275282712 1.0
37 0.13345964275282712 1.0
38 0.13345964275282712 1.0
39 0.13345964275282712 1.0
40 0.13345964275282712 1.0
41 0.13345964275282712 1.0
42 0.13345964275282712 1.0
43 0.13345964275282712 1.0
44 0.13345964275282712 1.0
45 0.13345964275282712 1.0
46 0.13345964275282712 1.0
47 0.13345964275282712 1.0
48 0.13345964275282712 1.0
49 0.13345964275282712 1.0
50 0.13345964275282712 1.0
51 0.13345964275282712 1.0
52 0.13345964275282712 1.0
53 0.13345964275282712 1.0
54 0.13345964275282712 1.0
55 0.13345964275282712 1.0
56 0.13345964275282712 1.0
57 0.13345964275282712 1.0
58 0.13345964275282712 1.0
59 0.13345964275282712 1.0
60 0.13345964275282712 1.0
61 0.13345964275282712 1.0
62 0.13345964275282712 1.0
63 0.13345964275282712 1.0
64 0.13345964275282712 1.0
